03030000200000001000000000000000000000000010000000
0000130000000000000A000300000000000000000000040000
0000000402C000000000000000000000000000220000000001
02000000000000000000000000000000000000000000000000
00000000500000400000000000000000000000000000000000
00000400000200000000000000000000000000000000000000
00020000000000000000003000000000000000000000000000
00000000000000000000100000000020000001000000000000
00000000000000000000000030001000000000000000000000
00000300000030000000030000000002000000400000000000
00003000000000000000000000000000000030000000000000
000000000000C0000000000000300000000000000000000000
000000000000A0000000000000000000000000000000000002
00000000000000000000000100000000000400000000000000
00000000000000000000000000000000002000000000200000
00000200000000000000000000000080000000000000000000
00000000200000000000000000000000A00002002000000000
00000000000000000000003000000000000000000000000000
000000000000000000000000A0000000000000000000400000
001000400000000A0000000000000000030000000303020000
00300000000000000000000000000000000000020300100004
000000000000400000000000B0000000001000000040000223
00000000000000000000000000000000000003000000200001
000B0000000020000000000000000000000000000000000020
00000000000000000000000000000000000000000000000000
000000000D0000000000000000000004000000000000000000
00000000000000000000000000000000000000000300000000
00000000000000000000000000000000000000030000200000
1000000000008000000000A00A000000000000000000000002
003000A0000000000000000000000000000B00000000000000
00000000000000000B00000000000100000000000000000000
00000000000000000000000000000000000000000000000000
00000040000000000000000000000000000000322030000000
00000001000000000000000000000000300000000000004000
00000000000000000000000000000000000000000000000000
00000000000000000000000000002000000000000000020000
00000000020000000000000000000000000000000000000000
00000000000200000000000000000000000000000000000000
0000000000000000000000000000040000000A000000000000
00000000000000000000000000000020002000000000004001
00000000000000D000000000000000000000A0000000000000
0000000000000000G000000300000000000000000000000000
00000000000000000000000100000000000000000000000001
00000000000000000000000000000000000040000000000000
00000000000000000000000400000000030000000000000008
00001000000000000000020000000000000000000000000000
00000000000000000000000000000000000000000003000000
00000300000000000000000000000000400030000000000000
00000000020000000000020000000000000000000000000000
02625500086100114110101807000501330100140010000100
