00500000000000004000000000000000000000002000000000
04030000000000000004000000000000000000300000000000
00000000000300000000000000000000104000000000000200
00000000200000000000010000000000001000000000000030
00000002000000000000000000000000100000000020000000
00000000000000000200000000000000000000000000000000
00000000000000000000000000000020000000001000000000
00200000000000000000000000000000000000000000000000
00000000030000000000000000000000000000400000000000
000000000020000000000000000000000001000H0000000000
00000000400000000000000000000000000000000000000000
00000000000000000000000000000000000000000000000000
300043000000001000I0000020000000000000000003000000
00000500000000000000000000000000000040000000000000
04000200000000004000000000000000000000000000000D00
00000000000040000000000000000000000000000000000000
00000000300000000000000000000000000000000000000000
00000000000000000000000000002000030030000000000000
000000000000000000040040000000000000020000000HH000
00000000001300000000010500000000000000000000000000
00000000000000000000000020000000000000143000000000
00000000000000000000000000000000000000000000000000
00000000000000000000001000200000000000100001G00000
00000000000000002000000000000000000000000000000000
00000000000000000000000000000000000000000000000000
00000000000000000000000000000000000000000000000000
00020000000000000000000000000000000000000000000000
000000000D0000000000000000000000000002000000000000
00000000000000000000000000000000030000000000000000
00000F00000000000F00004000000000000000030000000000
00000000000000000000000000000000000001000000000004
00000000000000000000000000000000000100000000000000
00000000000000000000000000000000000000000000000000
000000000000000000000000000000000000000200B3000000
0000000000G000000022000000000000000000000000000000
0000000F000000000000000000000000010000000000200000
00040000000000040000000000000000000000D00300000000
00000000000000000000000000000000000000000000000000
00000000000000000000000000000000000004000004000000
300000000000000000F0000000000000000000000000000300
000000000000000000000000000000000000000J0000002000
00000000000000000000000000000000000000000000000000
40000000000000000000000030000000000000001000000010
04000000000000000000000000000000000000000000300000
0002000400000000000000000000000000000000000D000000
000100007000J0000000000000000100010000000000000000
40000070200000000000000000000000001000000300000000
04000000402000000000000000000000300G00000000000000
30000002000000000000000000000000000000000002000000
77768838397475646785982259344564434004009918882136
