00000000000000000000000000000000000400000010000000
00000000030000000000000000000000000000000000040000
00000000000000000000000000020000000010220000000001
00000000000000000000020000000000040000000000000004
000000000000000AB000003000000000403000000300000000
0000000000000B000000000200001000000020000000000000
00000000000000000000003000100000000000000000000000
00000400000000000000100000000020000001000000002000
00000000000000000000000030021000030000100000000000
00000000000000000000033000030002000000400000004000
00000000000000000030000000003000000070000000000030
00000000000000000000000003300000000000000000000040
00200000000000000000000000003000000300000000004002
00000000000000000000000104000002005430000000000200
00000000000000000000000000001400012000000000200001
10000000000000000200000000024080000400000020000000
04000030000000000000200000000003000002402000003000
00000000000000000003003000000003000040000004000300
00000030000000000020000000100000000000000000401000
00000000000000000000000002000000430000000303024000
00000000000000000000000000000300000003020300100004
00000000000000000000000000000000002000002040000223
00000000000000000000000001000000040003000000200001
00000000000000000000000000000000003030000400000020
00000000000000000000000000030000000000000000100030
00000000000000000000010003000004040000072000044000
00000000000000000000000000040000250000000340000000
00020000020000000020000000100000000000030000210000
0C000000000000100000000000000000000000020000000032
B0000000000000000100000000000000001000010000000000
0B000000000000000000000002000000003000000030000000
44C01000000000000000301000000000000000400030400000
03000040000030300000000000000000050000322030030000
20000001010040000000000040003220302004000030004030
00000000400000000000600002000000000000010010000003
00100000002000001000100000404000000000000000020000
00000000020200000020000002000030000000000E00001000
00000202000200000000000000003100000000000A00000000
0000801000000000000020000100040000000000A000000000
000000010000003000000000000003200000000000B0004021
040100030300000300030000000000010000000000A0B00000
000000000000000300000003000001000000000000000A4000
00000003000000000000000100000000000000000000000001
02020000003000000400000000000001000000000000000001
00000000000000001A01000000000000000000000000000038
00001002000000030B00000000000000000000000000000000
20000000004002000000000030000000000000000003000000
00000300030000000000000000000000000000000000000000
000004000200000AC000000000000000000000000000000000
35625500086104114410101007000501330100340010000100
