00000000000000000000000000000000000000000000000010
00200000000000000004000000000000000000000000000000
000000002000000003000000000000000010000000000003C0
00000000000000000000000000000000000000000000000000
20000000000000000002000000000000000000000000000000
00000000000000000000000000H00000000000000000000053
000000000000000000000000000000000000000000000E0000
0000000000000000000000000D000000000000000000000000
0000000000000000000000000000000000000000A000000000
00000000000000000000000000000002000000000000000000
000000000000000000000000H0000000000000000000000004
00000000000000000000000000000000000000300000000010
00000000000F00000000000000000000000000000000003004
00000002000000000000000000000000000000000000000020
00000000000000000000000000000000000000000000003002
00400000000000000000000000000000000000000000400000
00000000000000000000000000000000000000000000000004
00000000000000000400000000000000000000000000000000
000000000000000000000000000000000C0000000000000000
04000000000004000000000000000000000000000000000000
00000000000000000000000000000000000000000000000000
000000000000000000000000000000000I0000000000000000
00000000000000000000000000002000000000000000000001
00000000000004000000000000000000000003000000000000
00000000000000000000002000000000000000000000000000
00000000000000000300000000000000330000000000000000
00000000000000000000000040000000000000400000004000
0000000020000000000000002F000000000000000000100000
000000000000000G000000000000000000G000000040040000
00000000000000000010000000000000000000000000000000
00000000000000000000000000000000000000000000000000
00000000000000000000030003000000000000000000040000
00000000000000000000000000000000000000000000000000
000000F0000000000G00000000000000000000000000000001
000000E0000000000000000000000000000000000000000000
00000000000000040000000000000000000010000000000000
00000000000000000000000000000020000000000000000000
00000000000000000000000000000000000004000000000000
00000000000000020000000340000000000000000004000000
0000C000000010000010000000002000000000000000000000
00000000000000000000000000000000000000000000000000
00000000000000000004000000000000000300000000000000
00000000000000000000000000000000000000000000000000
00000000000000000000000000000000000001000000000000
0200000000000C000000000000000000000000000000000000
0A00000000500044000000E000000000000000000000000000
C000000200G000000000100000000000000000030000000000
00000000000000000000000000000000000000000000000000
00000000000000000000000000000000000000000000000020
99788839599475986888996399585677447304609918882436
