00001000000000000000010040000000030400000000000000
10002000000004000000000000030300028000000000D00000
0400000000100000000000000005000B000000200000000000
000010000000000000000003000000000400000000000F0000
0020000000000000003000000000000000E000000000000A00
00000000000302000000000000000000000000000000000000
00300002000000000000000000000000000000000000000000
00000000000030004000000004000000000000000000000000
00014000000002000000000000000000000000000000000000
30000000000000004000000000000000000000000000000000
00600003000000000000000000000000000000000000000000
00000000000000000020000000000000000000000000000000
00220000000B00000000000000000000200000000000000000
00000000000000000000000000000000000100000000000000
0000000000A000000000000000000000000000000000000B00
10000000000000000000040300000000000000A00000000000
0400003200000000000000000000000000000B000000000000
00002000000000000030000000000000000000000000400000
00080030000000000000000000000000000000000000000000
0000003400000000000000B000000000000000000000003000
00000000000000000000000000000000000000000000000000
0042000000050000000000000000000D000000000000000000
00000200000004000000000000000000000000000000020000
0000000000000000A000000000000000000000400000000000
00001000000000000000000000000300000000000000000000
10000000000300000000000000000000000000000000000000
00000000000000000000000000000000300000000000000000
00000000000000000000D00200200000000000000000A00000
00000000000000000400000000000000000000000000000000
03000000000000000000000000000000000000000010000000
00000000000000000000000000000000000000000030000000
00000000000000000000000000000000000032000000000000
00000003000000040000000000000000000000000200000000
00000000000000000002000000000000000000000000000000
00000000000000000000000000000000000100000000000000
00000000000000000000000000000000000000200000400000
000000000200000000000000000C0000000000002000000020
00000000000000000000000000000000000000000000000000
00000000004000000000000000000000000000000000000000
01400100000000000000000000000000024000000000200000
00000000000000000000400000000000000000000000002003
00030100004000000000000000000000000000200000000001
00000000000000000000000000000000000020000000000000
00000000000000000000000000303000000300000000000000
00000000000000000000000000000000000000000000000000
00000000000000000000000000000000000000000000000000
00000000000000000000020003000300003002004000000102
0010010000200000000000000000000000000000000000402C
00000100000000000010000000000000000000000004000000
35646504086134116410101007000504352100340010400104
