00402000000000000000000000000000040000000000000000
000000000000000000000000004000I0010000000000000000
00000000000000000000000000004000000000000000000003
00000000000000000000000000001000000000000000000000
00000000000000000000000000000000000000000000000000
00030000000000000002000000000000000000000004000000
00000300000000000000000000000000000000010000000000
000000000000000000000000L0000000000000000000000000
00000000000200040003000000000000000000000000000000
00000000000000000104000000000000000000004300000000
00000000000000000000000200001000000000000000040000
00000000000000000000000000000000000000000000000000
00000000000000000000000000000000000000000000000200
00000000000000000000000000000000000000010000000300
00000000000000000000000000000000000000000000000000
0000000000004000000000000000000000E000000000000000
00000000000000000000000000I00000000100000000000000
000000000000000000000000000000F0000000000000000000
00000000000000000000000000000000000000000000000000
6000000000000000000000H00300000000000000000F000000
00000000000000000000000000000000000000000000000002
0000000000000000000000000300000000000000B000400000
04000000000010000000000000000000000000000000000000
00000000000000000000000000000000000000000000000000
00000000010000000003000000000000000000000000000000
00002000000003000000000000000100000000002000003000
00000000000000000000000030020000000000000000000000
00001000000000000000000000000000000000000000000000
00000000000001000000000000040000000040E00000030000
00000000000000000000000000000000200000000000000000
000000000H0000000000000000000000000000002000000000
00000000000000000000010000000000000000000000000000
00000200000000000000000000000000000004000000000000
00000000000000000000H00000000000000000000000000000
00000000000000000000000020000000000000000000000000
0000000000H000200000000000003000000000000000010030
00000000000040000000000000300000000000000000100000
00C00000000000200000000000000000000000000000000000
0000100000000000000F000000000000004000000000000000
00000000000000000000000000000000000000000000000000
30000000000000000000000000000000000000000000000000
00000000000000000000000600000000000000000400000000
000000000J0000100000000000210000000000000000000000
00000000000030000000000000000020000000001000000000
00000000000000000000000000000000000030004000000000
0040000000010000E000000000000000000000000000004030
00000000000000000003000000000000100000000000000040
0000D000400000000000000000000000000000000000000200
00000400000000000000000000100000000000000400000000
99888839599475988888996399785677549304609918882436
