00000300000000000000000000000000000000000300200000
00000000000000000000000200000000000000000100000000
0000000E000000000000000000001000000000003000000000
00000000000000000000004000002031000000000000000000
00000000000000000000000000000300000000E00000000000
00000000000300000000000002000300000000000000000012
00000000000003000000000000000000300000000000000000
00000010000000000000000000000000000000000030044000
000200000000000020000000E0000000000000000E00000000
00040030000000000000000000000000000021000000000000
00000100000000010000000000000000040000000000000000
02000000000000000000020000000000000040000000000200
00000000000000000000100000000000000000000000001000
00010000000000000000000040000000000000000000000000
00000000000000000000000000000000000030000000100000
00200000000000000000000000000000000000000000000020
01000000010000000000000000F000000A0400000000000000
43000000000200000000000000000000000000000300000000
00000000000000000000200000000000000000000000000000
30200000000000000000000000000000000200000000000000
00300100040000000000000002000000000000000000000030
00000000000000000003004000000000003000000000000000
00000000000000000000000000000000002000000040000000
00000000000000000400000000000000300000000000030300
00000000000000000000000040000002000000002000000000
00000030000000000000000000000000000004000000000000
00000000000000000000000000000000000000000000000004
00401000000000000002000000000000000000000000000000
10100000300000000000000000000000000000000000002000
00000000000000000000E00010200000000000000000030000
00000004020000000000010000000000000000000000000H00
0000400000000000000000000000000H000000000000001000
00F00120003000000000000000000000000004000000000300
00000000000000000000000000000000000000000000000000
00002000000000000000000000000000000000000020000000
00000000000000000000000000000000000000000000000000
200000000000000000000000000000A0000000400000000000
00000000000000000000000000000000000000000000000000
00400000000000000000000000060000000000300000000000
40000000000000000000000000001000000000000000004000
00000000000000000000004000000000000000000201000002
40001000000000000000000000000000000000000000000000
00000300000000000000000000000000000000000000000000
0F000000000000004000000000000000000000000000000000
00000000000030000000000000000000000000000000000200
0000002000000000000000000000000000E000000000080000
00000000000000000000000001000000000000000000000000
00000000000000000300000400400200000000000000000031
00003000002000000000000400000000000000000000003100
97788839599475986888992299584567437304609918882436
