00000002040000000004000000000000000000000000000000
14000000000000000000000000000000000000000000000002
00300000000100000000000000040000000000000000000100
00000400000000000000000000000000000000000000000000
00000000000000L00000000000000000000000000000002000
00000000000000000000000000140000H01000000000000000
20000000300000000100000000000000000000000000000000
0000000000000001000000000000000000000000000G000000
00000200000000000000000000004000000000000000000000
00000000000000000000000000000000000000000000000000
00000000002040000004000030000000000000000000000000
00000000000000000000002000000000000000000000000000
00000000000000N00000000000000000000000000000000000
00000000000000000000000000000000000000000000000100
00000000003000000000000000000000000000000000000000
00000000000000000000000000000000000000420000000000
00000000000000000000000000000000000000010000000000
00000000000000000000000000000000000000000010000000
00000000000000000100000000000000000000000000000000
30000000000000000001000000000000000000000000010000
40400000020000000000000000000000400040000000000000
00000000000000030000000000000000000000000002000000
00000200000000000000000000000000000000000000000000
00000002000000000000000000000000000000000000000400
00000000000000100000000000000000000000000000000000
00000000000100000000020000000000000000000000000000
00300000000000000000000000000000000000000000000000
00000000000000000000000000010000000000000000000000
00000000000002000000000000000002000000000000000000
00000000000000000000000030000000000000000000000000
00000000000000000002000000000000000000040000000000
00000000000000020000000000000000000000000000000000
0000040000000000000000H000000000000000000000H00000
02000000000000000000000000000000000020000000000000
00000000000000000000000000000000000000000000000000
00000000000000000000000000000000000000000000000000
00000000000000000000000000000000000000000000000000
0000000N000000000000000000000000000000000000000000
00000000000000000000000000000000000000000000000000
00000000000000000000000000000000400000000000000000
00000000000G00003000000000000000000000000000000000
000000000000024000000000000000000000000000000300L0
00000000000000000000000000000000000000000000000000
00000000000000000040000000000304000000000000000000
00000000000000000000000000000000000000000E00000000
00000000000000000010000000000000000000000000000600
00000000000000000000000020000000000400000000000000
0000000000000000000001001040000000000000000G000000
00000000000000000200000000000000000010020000004000
99988879599699998888998399788697549395609948889636
