00440000000000000000000000000000000000000000000000
70000040000000400010000000000000000000000000000000
0300000000000000C000000000000000000000000000000000
043000000000000000000004000000000000040000E0000000
04000000000000000000000000000000000000000000000020
10000200000000000002000000000000000000000000000000
03000000000000000000000000000000000000004000000000
02000000000000000000000000000000000000000000000000
000000100000000000230000000001000C0000002000000000
00000000000000000000000001000200000000000330000000
00000000000000006000000000000000000300000000000010
00000000000000000000000000000000000000000003000000
00000000000000000000000000040001000000000000000000
00000000030000000000000000000000000000000000040000
00000400000000000040050400000000000000000000000000
00000000000000000000000000000000000000000000000000
00000000000000000000000000005000000000000000000000
00000000003000000000000000000000000000000000000000
00000000000040000000300000000000000000000000000002
00000000000000000000000000000000000100000100000000
0000000D000000110000000000000000000000000000004000
00030000000000000000000000000000000000000000000000
00000000000000000000000000000000000000000000000000
00000000000C00004000000001000000000000000000000000
20002020000000000002000000000000000000000000000000
000000000000000000100000000000000300000000A0000000
02000000000020022003000000000000000000000000000000
30000000000000000000000004001000000000000000000000
0000000E000000000000000200000000000000000000004004
00000000000000000000000003000300000000000000000000
01000000000000000000001001000000000400000000000000
40040000000000004004000000000006000000000000000002
00000000000000000000000000000000000000000000004000
000000004000000000000002000000000G0000000000200000
00000000000000000000000040000000000000000000000000
0000000000010000000000000000000000000400000000000I
00000000000000300000000000000000000000000000300403
00000000000000000000000000000000004000000002000000
00000000000000000020000000000000003003000000000000
00000000000000000400000000000000000000000000000004
00040000000030000000000000000000000000000000000010
0000000000G000000100000000000000020000001000100000
00000000000000000040000000000000003000000000000000
00000000000000000000000000E00000004000010000000000
00000000000000000000000000020001000000000000000000
006000000000000000000C00000000G3000000600000400000
00000000310000000000000040000000000000000030000000
00B00000000000000000000000000000000000000000000010
0000000000000000001000000000000000000000F000000400
77668808397275646785982219044560334004004618780134
