20000000000001000000000000000000000000000000000000
0000000000000000000000000000004000000B000000000000
20010000000000000000000000000000000000000000000000
2000000000000000000000000000E000200000000000000000
00000000000002000000000000000000000000000200000000
000000E0000000000000000000003000000000000000000000
00000000000000000000000000000000000000000000000000
00000000000000040000000000000200000000000000000000
00000003000030300000000000000000000000000000000000
00000300000003000000100000000004000000000000000000
00000000000000000000000000000000000000000000000000
00000000000000000000000000000000000000000430000000
010000030000100040000000000000000000000B000000000A
00010000000000000000000000000000000000000000000000
00000000000000000000000400000000000000000000000000
00000000000000000000000300000000000000000000000001
00000000000000000000000000000102000000000000200203
00000400000004000000000000A00000000000000000000004
00002010000000000000000000000000100000000000053000
00000000000000200000000000000000000000000000000A00
00000000000000000000000000000000000000B00000000200
0000000000000C000F00000000000000000000000000000040
0000000000000F000000000000304000000B10000100000000
00000000000000000000000001030800100000000000000000
000000000000000000000000002003000204200030000100F0
00000000000000000000000000000E20000030050020000000
00000000000000000000400000010000001030000000000000
00000000000000000000000000000000000000040000000005
00000000000000000000000000000000020000000004000020
00000000004000000C00000000037000000040005000400000
00000000000000000000000000030020001300000301000000
00000000000000000000000000302044060120010000001002
00000000000000000000000030044000000040000000000000
00000000000000000000000000001004101420003100000300
00000000000300000000004000310000100020400000001030
00030000000000000000001010124000000000034000000440
00000000000000000000100002206010200000003430000400
00000040000000000000000000000000000034330004300044
00000000000000000000004000109000000110005000002231
00000000000A00000001004020000000000000030040001000
01000000000000000000002400020000000000007000000002
00000000000000000000001030000300000000230400043000
0000000000D000000000030020402040200300400000100222
00000000000005000000003000023300770000703013000203
00002000A00000000030001000000000000003003020010305
000000000000000000B0440034030000041000130100304000
B0000000000100000001000000001000030003340000006000
00200000000200000C60000006002701001010006000016300
04000000000000020000000140002010001304020001002030
77668807087234626713972107040560314000004218770100
