00000010060000004000001001010040C00000000000000000
03000020000000000000000030000000000000300000000004
40000000000000000000000000000400000000000000050000
00000000000000000000000000000000300000000000000000
00000000000000000000000000000020000000000000000000
00000000000000060000000000000000000000000000300000
000000000000000000000000000000000040000000A0400000
00000000000000000000420003000000000000000000000000
00030000000000000000000000000000200000000000000000
00000000000000000000000400000040000000030003000000
00004000000000000000000300400004000000000000000000
00000000000000000000400100000000010003000050100000
00000000000040000000100000000000210000003004000030
00004000001000000000000000000000000000002000000010
0000000000000000000A000000000000000000000000000000
00000000000000000000000000000000000000000000000000
20000104000000000010000000000000000000000000000000
00000102000000000002000000400000000000000001000000
00000000030000000003300000000000000000000004000000
00000003000000000000000000000070340000001000000000
00030000000000000000000400000000000010031000000000
00000000000000000000000000000000000000000020000000
03000040000000000000000000000000100000000000030000
00000020000000000000000000000000020020000000000000
00000000020000000000000000000000020000000000000000
00000306000000000000000000000000000000300000000040
00000300000000000004000000000301300000000200000002
00000000100000000000432000000000002000000000000000
01300030003000000300000000000000020000000000000000
00004000000000000040000000000010000000000000000000
000000000030000000006000000000000000B0030000000000
00000300000000040000000000000000000000000000000000
00000000004000000010000000200000000000000000000000
00000000000000000000000000040000000040000000000000
00000000000000000000000000000000000000000040000000
00000100000000000000000000000000000000000000000030
000000000000000100000000000000000C0000000000000300
00000000000000000000000000000000000000000000000200
01000000000003000000000000200000000000000000000000
000000000001003000000000000000000A0000000000000000
00400000020000000000000001000000000000000000000000
00000000000000000000000000040400000000000100000001
00000000000000000000000000000000000000000000000000
03000000040000000003000000000100040000000000000000
00000000000001000000000002000001007000000000000000
00000000000000000000000000000000000000000000000000
10000000000000010004000000000000000003000000100000
00000000040000000040000000000000000000000000000000
00030300000000000000000100000000000000004000000001
55668504087134516710132007000500004000000214770100
