000000A000000000000401010010000000040000C000000000
0000000000000000000000201010000000000000A000000000
00000000000000100000000001000000000000300000000000
000000000400000000000100701900B00000000B0000000000
00000000000000000000001110201000000200000B00000000
00000A00000000000000000404002000000000000000000000
00000000000000000000000000020000000000000000000000
30000000000000000000020000000000000000000000020000
00000000000000000000000000100000000000000000000000
000000000000000000000000000000A0000000000000000000
00000034000000000003000000000000000000000000000000
00000000000000000000004000000300000000000000000000
00000000000000000000000020000000000000000000000400
000204000000000000000000000000200300C0000000000000
00000000000000000000000000010400000000000000000000
0000000000000000000000000000200000002000000A000000
24001330031000000000000B00000030003000000000000000
00000600000000000000000020000000000000000000001000
00020004000000000040000000000000000400000000000000
00303000000040000000000000000000010000000000000000
00200000420001030000400000000004000000520300000000
00400003240000000200000000000000000001100000000000
00000001010000000000000000000000000000000000000000
00000000000000020000000000000200000001000000000000
00000220000000000000000000000000000000000000000000
00020003000400300000000000000000000000000000000000
2000000001000020000000000000000A000000000400000000
00010000050000000000000000000000000200000000000000
00004000300010000000000000000000000000010000000000
00300322000000300000000000000000000000000000000000
00000000000000000000000000000000000000000000000000
00000000000000000000000000000000000000000000000000
01000300200000000000000000003000000000000000000000
00000000000000000000000000000000000000000000000000
0000005000000000000000000000000000000A200000000000
00000100003001000000000000000000000000000000000000
30000030312000000020000000300000000300000000000000
00000000000000100000000000100004000200400000000000
0A000000000000000000200000000000000000000000000A00
03000000000200000000000000000000000000000000000600
0000002A000000000000000000202000000010000000004000
01100000000000010000000000000000000040080000000200
00000000100000000000000000000000000000000040000001
00003000000000000000000000000000000040001000000010
00003000000B00000000000000000000000000000176100008
00400000013000000000000000000000000000000040401000
52400000000000000000000000000002063000004014020000
00000000004000000000000000000000000001000050330000
00400000000000000300000020000000000101408144000000
02625500080100114110101407004101320030140010000000
