00040000000000000000000000000000000000000000000000
00000000000000000000000000000000000000000000000000
00000000000000003000000000000000000000000000000000
0000000000000F000000000000000000000000000000000000
00000000000000000001000000000000000000000000000000
00000000000000000000000000000000000000000000000000
00000000040000000000000000000000000000000000000000
00000000000003000000000200000000000000000000000000
00000000000000000000000000000000000000000H00000000
00000000000000004000000000000000000000000000000000
000C0000000000000000000D00000000000000000000B00000
00000003000000000000000000000000000000002000000000
00000000000000040000000000000000000F00000000000000
B0000000200000000000000000000000000000000000000000
0000000000000000000000000000000000000000000G000000
00C0C000000000000000000000000000000001000000000040
00000000000000000000000000000000000000000000000000
00000000000000100000000000000000000000000000000000
00000000000000000000000000000000000000000000000020
000000D0000000000000000000000000000000000000000000
0000C000000000000000030000000000000000000000000030
0B000000000000000000000010000000000000000000000000
00000000000000000000000000000000000000000000000000
00000000000000000000000000000000000010000000040000
00000000000000000000000000000000020000000000000000
000000000D0000000000000000000000000000000000004000
00000000000000000000000000000000000000000000000000
00000000000000000000000000000000000000000000000000
00D00000000000000000000000000000100000000003000000
00000000BF0000000000000000000000000000000000000000
00000000000000000000000000000000000000000000000000
00000000000000000000000000000000000000000000000000
00000000000000000000020000000000000000000000000000
00000000000000000D00000000000000000000004000000000
00000000000000000000000000000000000000000000000000
000040000000000000000000000000000000000000000E0000
00000000000000000000000000000000000000000000000000
00000000000000000000000000010000000000000400000000
00000000000000000000000000000000003000000000000000
00000000F000000000000000000000000000G0000000000004
00000000000000000000000000300000000000020000000000
00000000000000000000000000000000000000000000000000
0000000000A0000000000000000000000000000000000F0000
0000000000000000000000000E000000000000000000000000
00000000000000000010000000000000000000000000000000
0000B000000004400000000000000000000000000000000000
00000000000000000000000000000000000000000000040000
00000000000000000000000000000000000000000000000000
00G0000000000000000B000000000000000000000000000000
77668807397265626785972219044560314000004618780134
