00000000000000000001111000110100111050100001210011
00000000000000000000101110111110010011104201011100
00000000000000000030111011101003011101000111031111
00000000000000B01000010040030010011020101100000000
00000000000000000000101110101100001005010100010000
00000000000000000000100001002111110000001020101100
00000000000000000000110111110000001003110101011010
000000000000B00000111012000A1410000101101111110101
01000000000000000100011100100001010011010111001100
12000000000000000010000001000000040010010410100100
00000A00000000001100100100000001010100110011411100
30000000000001000411404031100000000010110110000100
01040000000000000A01110000000010010111010002000100
10000300100000000010011102001000311011100101010001
00000A00000000010210011110100110110001000140000010
00000000201003000301110010001000200000000210110122
00001000001000000100111210000001011100000004000001
0000B000000000000130101000000100100100110000100111
01000001000000000000000001030001011130101010101030
010000000000000000A0000021104110110101111011100400
00000000000000000000000001111000100000500002111001
000000002000000000000B0001101120001001110101000101
00000000000000000000000000001110101111111111011001
00000000000000000000000100010011010101210000151110
00000000000000000000000011011000011011010110000000
00000000000000000000001110100100001111110101000000
0000000000000000000001013102A010101101110000000101
00000000000200000004100000104111100000300000000000
00000000000000000000001001010111100000113000000000
00020000000000000000000110111111000101100000000000
10000000000000000000023001111101101000000000000000
000000000000000000010311110110A0000000010000000000
00000000000000001001010000011000000100000000000000
00000000000000000010111001001500010000000000000000
B000000000000040002101011000000000110A1000A0000000
00000400100000000000411310110100010111100000000000
00000010000000003301111110010012110110100000000000
0000000000AB00001000200111010001010100000000000000
01000000000100001001100100010000000001000000000000
01000000100001111013010100001100010000000H00000000
10030000100011110010101101010100100100000000000000
11000000110100010130510012111021410001000000000000
10110000000004011111111010011000000000000000000000
1110011A111103111000011500101011101000000000000000
14010100101111100110100031101100001000000000000000
01111001211101111110011101000111011000000000000000
0110111010001110010021101110A010000000000000000000
11100131111113000100111011510000002001000000000000
01010001111111401100040410111010000101003000000000
00115500010000111100101411011101110010140010000000
