00001000000000000000010040000000030400000001000000
1000200000000400000000000003030002800000000C000000
040000000010000000000000000500000000E02000CE000000
00001000000000000000000000000000040010000000000A00
00200000000000000030000000000000003000000000000000
0000000000030200000000000000000B0000000000000F0000
00300002000000000000000000000000000000000000000000
00000000000030004000000004000000000000000000000000
00014000000002000000000000000000000000A00000000000
30000000000000000000000000000000000000000000000000
00600003000000000000000000000000000000000000000000
0000000000000000000000000000000000000000A000000000
002200000A0400000000000000000000200000000000000000
00000000000000000000000000000000000100000000000000
000000000000000B00000000000000000000B0000000000000
100000000000000000000403000000000000000000000000B0
04000032000000000000000000000000000000000000000000
00002000000000000030000000000000000000000000400000
0008003000000000000000000000000A000000000000000000
00000034000000000000B00000000000000000000000003000
00000000000000000000000000000000000000000000000000
00420000000400000000000000000000000000000000000000
00000200000004000000000000000000000000000000020000
000000000000000000A0B00000000000000000400000000000
00001000000000000000000000000000000000000000000000
00000000000300000000000000000000000000000000000000
000000000000000000000000000000003000000000000A0000
00000000000000000000000000200000000000000000000000
00000000000000000400000000000000000000000000000000
03000000000000000000000000000000000000000010000000
00000000000000000000000000000000000000000000000000
00000000000000000000000000000000000012000000000000
00000003000000040000000000000000000000000000000000
00000000000000000002000000000000000000000000000000
00000000000000000000000000000000000100000000000000
00000000000000000000000000000000000000200000000000
00000000020000000000000000000000000000002000000020
00000000000000000000000000000000000000000000000000
0000000000400000000000000C000000000000000000000000
01400100000000000000000000000000024000000000200000
00000000000000000000400000000000000000000000002003
00030100004000000000000000000000000000200000000001
00000000000000000000000000000000000020000000000000
00000000000000000000000000003000000300000000000000
00000000000000000000000000000000000000000000000000
000000000000000000000000000000000000000000000000C0
00000000000000000000020003000300003002000000000102
00100100002000000000000000000000000000000000004024
00000100000000000010000000000000000000000004000000
35646504086134116410101007000504352100340010400104
