00440000000000000000000000000000000000000000000000
70000000000000400000000000000000000000000000000000
03000000000000000000000000000000000000000000000000
04300000000000000000000400000000000004000000000000
040000000000000C0000000000000000000000000000000020
100002000000000000020000000000000000000000000E0000
030000000000000000000000000000000000C0004000000000
02000000000000000000000000000000004000000000000000
00000010000000000023000000000000010000000000000000
00000000000000000000000001000200000000000030000000
00000000000000006000000000000000000300000000000010
00000000000000000000000000000000000000000003000000
00000000000000000000000000040000000000000000000000
00000000030000000000000000000000000000000000040000
00000400000000000040010400000000000000000000000000
00000000000000000000000000000000000000000000000000
00000000000000000000000000005000000000000000000000
00000000H03000000000000000000000000000000000000000
000C0000000040000000300000000000000000000000000002
00000000000000000000000000000000000100000100000000
00002000000000010000000000000000000000000000000000
00000000000000000000000000000000000000000000000000
00000020020000000000000000000000000000000000000000
00000000000400004000000001000000000000000000000000
20002020000000000002000000000000000000000000000000
00000000000000000010000000000000030000000000000000
02000E00000020022003000000000000000000000000000000
30000000000000000000000000001000000000000A20000000
00000000000000000000000200000000000000000000000004
00000000000000000000000003000300000000000000000000
01000000000000000000001000000000000400000000000000
40000000000000000004000000000006000000000000000002
000000000000000000000000000000000G0000000000004000
00000000000000000000000000000000200000000000200000
00000000000000000000000040000000000000000000000000
00000000000100000000000000000000000004000000000000
000000000000003000000000000000000000000000003004I3
00000000G00000000000000000000000004000000002000400
0000000000000000000000000000000000300300D000000000
0000000000000000040000000E00000H000000000000000004
00040000000030000000000000000000000000000000000010
00000000000000000100000000000000000000000000100000
00000000000000000040000000000000003000000000000000
00000000000000000000000000000500004000010000000000
0000000000000000000C000000020000000000000000000000
006000000000000000000100000000G0000000600000400000
00000000310000000000000040000000000000000030000000
000000000000000000000000000000000000F0000000000010
0B000000000000000000000000000000000000000000000400
77668808397275646785982219044560334004004618780134
