00000000050000400203000020000000000000300021000000
00000002010100000300300000000000000040000800032000
32000003000010020000000010000000000000000200000000
00004000000000130000000010000000000000000000004404
022000000100300000004110000000000000020003000000C2
0000000000010000H0000A0000000000003000000000000000
00000000000000000000000000000000000000000010000000
00000000000100002000000001100000000000200000000000
00200010000000005000000000000000000000000000000000
20300000000000210010000000000300000000000A00000000
03400000000000000000000000000000000000000000000000
00000300003000000000000000000000000000000000000000
0030000000B001000000000000000000000000000G00000000
30000E001000000000000000000000000000000000000000E4
00020000000000000000000000000000001000000000000000
00000000000040000000000000000000000000000000000044
00050000000000100000001000000000000001000002000000
04F00000000000000000020000000000000000000000000000
00C01000000000000000000000000000000020000030010020
00000000000000000000000000000000000000003320000020
00000000000000000000000100000000000000000107002004
10000004000000010000000300000000000000000400000000
00100000000300300000000000000000000000000000002003
00000000000000000000000000000000000003000000000000
04000403000000000000000000000000000000000000000300
00000000000000000000000030000000000000000300000003
0044020E00000000000000000E000000000000300000000000
001000002000000000000000000000000000000000400000D0
00010000000000000000000000000000B00000000000020000
40000000000000000000000000040000000000000000000000
40000100000000000000000000000000031000000000000000
00040000000000000000000000010C00000000003020000000
00000000000000000000000000010000000002000000000000
20000000000000000000040000000000000000000000000000
10000000000000000000000020000000000040000000000040
00000000042000040000000000000000000000200400000000
00000000001000002000000000000000010020000000000000
0100H000000000000000000000000000000000000000000000
100000000010000000000000000000000000000000000G0000
00000000000000000000000000000030000000000000000000
0001000000000A000000000000000000000000040000000000
00000000000000000000400000000003000000000000020000
00000000000000000100004200000000000000000000000000
00000000000000000000000000000000000000000000000000
00000000000000000003000000000000000000000000000004
0001000000000000000000020000000F000000000000000000
00000000000000000000020000000003000E00000000000000
00000000000000002000000000000000000000010000000000
00000000000000000000000001000000000000000000000000
97788838597475986888992299584566434004609918882436
