00000000000000000300100000000000000000000000000000
00000000000000000000000000000000000000000003002000
00000000G00000000000000000000000000000000000200000
00000000000000000000000000000000000000000000001000
0000000000000000000000F00000000000000000J002000000
00000000000000300000000000000000000000000000000000
00000000000000000000000000300000000000000000000000
00000000000000000000003000000300000000000000000000
00000000000000000000000000000000000000000000000000
00000000000000000000000000000000000000000000000000
00000000000000000000000000000000000000000000000000
00000000000000000020050000000000000000000000000000
000000000000000000000000000000000000000000000G0000
00000000000000000000000000000000000000000000000000
00000000000000000000000000000000000000000000000004
0000000000000040000000000030000000C000000000020000
00000000000000000000000000030000000000000000000000
00000003000000000000000000000000000000000000000000
00000000004000100000000000000000000000000000000000
00300000001000400000000400000000000000000000000000
00000000000000000000000000000000000200000000000H00
000000000000000000J0000000000000000000000000000000
000000000400000000000000000000000000000040000000E0
00000000000000040000000000000000000I00000000000000
300000300000000H0000000000000000000000000000000000
00000000000L20000000000000000000040000000000000000
01010I00000030000000000000001000000010000000000000
00000000000000000003000000000000000000000000000000
00000000000000000000000000020000000000000000000000
000000000000000000000E0000000000000004000000000004
00200002000000000000000000000000000000000000400000
0000010000000000000000000000000030000F000000000000
00000000000000000030000000000000000000000000000020
00000000000000000000000000000000000000000000000000
00000100000000000000000000000000000000000000000000
20100000000000000000000000000000000100000000010000
00000000000000000000000000000000000000000000000000
30000001000000000000000000000000000000000000000000
00000000000000000000000000000000040000000004000000
00200000000000000000G000000000000000G0000000000300
00000000000000000000000500000003000000400000001003
02000000000000004000040440000000300000000030000000
00020000040000000000000000000002000000020000000E00
00000003000000000000000000000000002000000000000000
0001000000000000040003000000000H000400032000000100
03000300000000H00000400000000000000010000000000000
00030000000000001020000000000000040102000400000000
00400440000000000000000000000000000000002003400000
20040000000000000010000000000000000000000010000040
99888879599679988888998399785697549395609948889636
