04200300003000400000000200000000000000000340200000
00000000000000000000000200000000000000000100000000
00000000000000000030000000001000000000003000040000
00000000000000000000044010002061000000000000000000
00000000000000000000000000000300100000000000000000
00100000000300000000000002000300000000000000000054
00000000000003000000000000000000300000000000000000
00000010100000200000000000000031000000000030044000
00020004200000002000100000000000000000000000000000
00040030000000000000000000000000000000000000000000
00000100000000010000000000000000040000000000000033
02000000000000000000020010000000000A00000000000200
00000000000000000000100000000000000000000000401000
00010000000000000000000040001000000000000000030000
04000002000000000000100000000004000000000000100000
00200000000000000000000000000000000000000000000020
01000000010000000000000400000000000000000000000004
43020000000210000000000000001000000000000300000300
00000001200000000000201200000000000000003000000000
30200000000000000000000000000000000200000000000000
02300100040000000000000002000000000000200000000030
00000000000000000003004200000000003000000000000000
00000000040000000000000000000000002000100040000000
00000000000000000400000000003200300000000000030300
00000003000000000000000040000002000000002000000000
0010003000000000000300000001000E00400401A000000000
22000010000000000000000000000000000030000000000004
00421000000000000000000000000000000000000000000000
1010000030000600000000000000000000000H000000002000
00000000020000000000000010400000210000000000030000
00000004020000000000000000000000000000000000000000
00000000000000000000000000000000000200000000001000
00000000003000000000000000000000000004000000000300
400F0000000000000000000030000000000000000000140000
00000000010000020000000300000000000000000000000003
00000000000000020E00000000000000003200001000000000
20000000000000000000000403000000200000000000000000
00000000000000000000000000000000000000000000000000
00400000000400000000000300060000000200000000000000
40000040000000000000000000000000000000000000004000
00000000000000000000004000000000000000000201000002
40201000000000000000000000000000000000000000000000
00000300200000000000000000000002000000000000000000
00F00000000200004000000000000000000000000000000000
10000000000030000000000000020000000000030400000202
00000020000000030000000000000000000000000003082000
00000000000000000000002001000000000001000100000000
00000200000000000300000400400200000000000000000332
00003000002000000000000700000000000000000000003100
97788839599475986888996299584567437304609918882436
