10040000020000002000000002000000040010004001200000
00002000000000020044500000000000000304100000000100
03000000000300043003020000000000000000020000000000
00000000010000020220020001000000000034000020000000
00000000000010000010000000030000004000000000000400
00030000002000400000000001000000000000023000004030
00040200000000000000000400000000000000000002000300
30000000000000000000000000000000500003030000300020
00000000000040000000000A00000000000000010400403000
60000000000000000002000000000000000000010000000400
31000203200000000000000001000000004300000000000410
00000000010000000000000000000000000000000200000000
000000000000000000000001B0000000400000000000000000
00000000000000000000100000000100001000000000000007
00007000000000000000000000000300000000200000000001
02000302000000000000000000000000000000000000000004
00100000000000040000000004000000000000020000000100
00000002000000200000040000000000000000000000053000
00000030002000400000000200000000000000400000020000
00033000000000010000020001000010000000040010010000
00400000000001000000000502000000070000000001000040
00400000000000000000000000000110300000000000010024
0100000000000000000000040000000000010000B000007000
20004000003000000000000000000000000000000000000000
00000000000000002000020000000200000000040000000000
00400000000000400000000404003000002020000000000000
00000000000030200300003000000003000000003300100000
00002000000040000006000000000200004001030000000000
07300000000400200000000000000050000040000000000000
00013034002001000000020001000000000000000040000230
10000000000400000000040000000000000200002001000000
00210704000000000000000000020000020000001300204000
00000040000203000000000000000600000004000000040000
200000000000040042000300300104000000000400000C0300
00000000000000000000104000000020020013000000000000
00031400020000030000000030000203000000000000000000
03000000001005000000000400000000004000000000000400
03000010000000004033000004000000001000000000000002
000301004300000400044000A0000002300000000000000003
02400000100001002000000000000000000000000000000400
21000007000031200000000020000000000000000000001230
13010044000030000000000000000000000000000000000000
00104002030004000000000A00000022000000000000000040
40000330300200000000000400000000000000000000000000
000020030034013011001000000010000104A0000000000000
04000210440200320000000000000000300000000000000484
00000100002104000000020000000020000000000000000310
00200000000210000200000004010000001000000000002000
04002434000021000400000000020000000000000040000000
77668807397265626785972217044560314000004618770104
