04200300000000000010000000000000000000100400000000
00000000000000000000000000000000000000000000000000
00000000000E00000000000000000000000001000000000000
00000000001000000000000000010010000000000000000000
000F0000000000000020000000000000000000000200000000
00000000000000000000000030000000003000000000000000
00000000000000000000G00000000000000000I000003000C0
00000000000000000000000000000000000000000000000000
0000020000000C0C0000000000000000000000000000000000
00000000000000000I00000040000000000000000000000000
00000000000000000000000000000000000004000000000000
0000000000000H000000000000000000000000000000000000
00000000000000000000000000000000000000100000000000
00000000000000000000000000000000000020000000000000
00000000000000000000000000003000000000000000000000
0000000400000100030000000000000000000000000000I000
00000000000000000000000000000000300000000000001000
00000000000000000000000000000000000000000000000000
00000002000000030020000000000000000000000000000000
00000000000000000001000000E000I0500000010000000000
00000000000000000002000000000000000000000000000000
00000004000300000000000300000000000400000000000000
00000000000000000000000000000000004000000000000000
00000000020020000000000000000000003000000002000000
00000000000004200000000000000000000000004000000000
02000000000000000000000000000030000000003000000000
10000000000000000000000000000000000000000000000010
00000000000000000040000000000000000000000000004000
00000000000004000000000000000400000000000000000000
00000030000000000000004000000000000000000000000000
00004000000000040000000000000000000000000000000004
00000100000000000000000000000000000000000000000030
00000000000000000000002200000000000000000000000300
00000020000000000000000000000000340000000003000000
00000000000000000000000000000000000000000000000107
00000002000010000000000020000000000040000300000000
00000000000000000000000000000020000000000000000020
00000201000000000000000000000400002000000000000000
00000040000003000000000000000000000020000004000000
000000000040000000H0000000042000000000000000000000
00000000000000000000000000000000000000000000000000
00000000000000000000000000002000400000100000000020
00000000000000000000004000000000000200000000000000
4000000000000000002400000000000000000000000H000000
00000000000000200000010001000200004000000000000000
00000000005000200000000000000000003000000000200000
00000000003000000000000000000000000000000000000000
000000000000000000020000000000320000000000000000F0
00000000000000000400000000100000000000000000000000
97788839599475986888996399584667437304609918882436
