00440000000000000000000000000000000000000000000000
70000000000000400000000000000000000000000000000000
03000000000000000000000000000000000000000000000000
04300000000000000000000400000000000004000000000000
04000000000000000000000000000000000000000000000020
1000020000000000C0020000000000000000000000000E0000
03000000000000000000000000000000000000000000000000
0200000000000000000000000000000000400C000000000000
00000000000000000003000000000000010000000000000000
00000000000000000000000000000200000000000000000000
00000000000000006000000000000000000300000000000010
00000000000000000000000000000000000000000003000000
00000000000000000000000000040000000000000000000000
00000000030000000000000000000000000000000000040000
00000400000000000040010000000000000000000000000000
00000000000000000000000000000000000000000000000000
000000000000000000000000000050000000000D0000000000
00000000H03000000000000000000000000000000000000000
00C00000000040000000300000000000000000000000000002
00000000000000000000000000000000000100000100000000
00002000000000010000000000000000000000000000000000
00000000000000000000000000000000000000000000000000
00000020020000000000000000000000000000000000000000
00000000000400004000000001000000000000000000000000
20002020000000000002000000000000000000000000000000
00000000000000000010000000000000030000000000000000
02000000000020022003000000000000000000000000000000
3000E00000000000000000000000000000000000A020000000
00000000000000000000000200000000000000000000000004
00000000000000000000000003000300000000000000000000
01000000000000000000001000000000000400000000000000
400000000000000000040000000000060G0000000000000002
00000000000000000000000000000000000000000000004000
00000000000000000000000000000000200000000000200000
00000000000000000000000040000000000000000000000000
0000000000000000000000000000000000000400000000000I
00000000000000000000000000000000000000000000300400
00000000G000000000000000000000000040000B0002000400
000000000000000000000000E0000000003003000000000000
00000000000000000400000000000000000000000000000004
0004000000003000000000000000000H000000000000000010
00000000000000000100000000000000000000000000100000
00000000000000000040000000000000003000000000000000
00000000000000000000000000000500004000010000000000
00000000000000000000C00000020000000000000000000000
00600000000000000000000000000000000000600000400000
00000000310000000000000000000G000000F0000030000000
00B00000000000000000000000000000000030000000000010
00000000000000000000000000000000000000000000000400
77668808397275646785982219044560334004004618780134
