00000000000000000000000000000000000000000000000000
00000000000000000000000000000000000000000000000000
00000000000000000001000000000000000010B00000000000
00000020000000000003040000000000001000000000000000
000000000000000000000000C000000F000000000000000000
00000000000000000000000000000000000000000000003000
00000000000000000000000000000000000000000000000000
00000000000000000000000000000000000000000000000000
0000000000000020020000I000000000000000000000000000
00000000000000000000000000000000000000000000000000
0A000000F00200000000000000000000000000000000300000
00000000000000000000000001000000100001000000000000
00000000000000000000000000000000000000000000000002
00000000000000000100000000200000000000000030000010
00000000000000000000000000000000000000000000000000
0000000C000000004000000000000000000000000000000000
00000000000000300000000004045000000000000000000000
0000000000000B000000000000000000000000000000006000
00300000000000000020040000000000000000000020010000
00000001000000000000000030000000000F00000100000000
00000000000000030004000000000000000200003000000000
000300000003300000000D0000000000000000000000000000
00000030000000000000000000030000000000003000000003
02110000002000000000000000000000000000020000000004
C0002000000000000H00000000000000000000000000000000
00000000000000000000000000000000010400040000000000
00000000000000000000000000000000000000000000000001
F0020000000300000000000000000000000000000000000000
00000000000000000000000000000000000000000000C00000
00000000000000000000000000000000000001000000004000
00000000000000000000000000000000000000000000000000
70000000000000000000000000000000000000000000000000
00000000000000000000000000000000000000000000000000
0000000000000000000300D000000000000000000002000000
0000000000020000E00000000000000040000000E000000000
00000000000000000000000000000000000000000000000000
00000000000000000000000000000000000000000000000000
00000000000000000000000000030000000000000000000000
00000004000000000000000000000000000000000000000000
000000000000E0000100000000000000000000000000000000
00010000000000000000000001000000004000000000000000
20000000000000000000000000000000000000000000000000
00000000000000000000000000000000000000000000000003
04000000000000000000000000000000000000000000000000
00020004000000000000000040000000000000000000000000
00010000700000000000000000000000000000000000000000
00000020000000000004000000000000000100000003000000
00000000000000000000000000000010000000000000000000
0000000000000000000000000000000000000000000000000G
77768838397275646785982229344563334004008918880136
