00000000000000000000000000000000000000000000000010
00200000000000000004000000000000000000000000000C00
00000000200000000300000000000000001000000000000300
00000000000000000000000000000000000000000000000000
20000000000000000002000000000000000000000000000000
000000000000000000000000000H0000000000000000000053
000000000000000000000000000000000000000000000E0000
00000000000000000000000000000000000000000000000000
00000000000000000000000000000000000000000000000000
00000000000000000000000000000002000000000A00000000
00000000000000000000000000000000000000000000000004
00000000000000000000000000000000000000300000000010
000000000000D00000000000H0000000000000000000003004
00000002000000000000000000000000000000000000000020
00000000000000000000000000000000000000000000003002
00400000000000000000000000000000000000000000400000
00000000000000000000000000000000000000000000000004
00000000000000000400000000000000000000000000000000
00000000000000000000000000000000000000000000000000
04000000000004000000000000000000000000000000000000
00000000000000000000000000000000C00000000000000000
000000000000000000000000000000000I0000000000000000
00000000000000000000000000002000000000000000000001
00000000000004000000000000000000000003000000000000
00000000000000000000002000000000000000000000000000
00000000000000000300000000000000330000000000000000
000000000000000000000000F0000000000000400000004000
0000000020000000G000000020000000000000000000100000
00000000000000000000000000000000000000000040040000
00000000000000000010000000000000000000000000000000
00000000000000000000000000000000000G00000000000000
00000000000000000000030003000000000000000000040000
00000000000000000000000000000000000000000000000000
00000000000000000000000000000000000000000000000001
000000EF0000000G0000000000000000000000000000000000
00000000000000040000000000000000000010000000000000
00000000000000000000000000000020000000000000000000
00000C00000000000000000000000000000004000000000000
00000000000000020000000340000000000000000004000000
00000000000010000010000000002000000000000000000000
00000000000000000000000000000000000000000000000000
00000000000000000004000000000000000300000000000000
00000000000000000000000000000000000000000000000000
00000000000000000000000000000000000001000000000000
0C0000000000000C0000000000000000000000000000000000
0000000000500044000000E000000000000000000000000000
000000020000G0000000100000000000000000030000000000
00000000000000000000000000000000000000000000000000
00000000000000000000000000000000000000000000000020
99788839599475986888996399585677447304609918882436
