00000000000000000300100000000000000000000000000000
00000000000000000000000000000000000000000003002000
00000000000000000000000000000000000000000000200000
0000000G000000000000000000000000000000000000001000
000000000000000000000F000000000000000000J002000000
00000000000000300000000000000000000000000000000000
00000000000000000000000000300000000000000000000000
00000000000000000000003000000300000000000000000000
00000000000000000000000000000000000000000000000000
00000000000000000000000000000000000000000000000000
00000000000000000000000000000000000000000000000000
00000000000000000020050000000000000000000000000000
00000000000000000000000000000000000000000000G00000
00000000000000000000000000000000000000000000000000
00000000000000000000000000000000000000000000000004
00000000000000400000000000300000000000000000020000
0000000000000000000000000003000000C000000000000000
00000003000000000000000000000000000000000000000000
00000000004000100000000000000000000000000000000000
00300000001000400000000400000000000000000000000000
00000000000000000000000000000000000200000000000000
0000000000000000000000000000000000000000000000H000
000000000400000000J0000000000000000I00004000000E00
00000000000000040000000000000000000000000000000000
30000030000000000000000000000000000000000000000000
00000000000L20H00000000000000000040000000000000000
01010I00000030000000000000001000000010000000000000
00000000000000000003000000000000000000000000000000
00000000000000000000000000020000000000000000000000
00000000000000000000000000000000000004000000000004
0020000200000000000000E000000000000000000000400000
00000100000000000000000000000000300000000000000000
000000000000000000300000000000000000F0000000000020
00000000000000000000000000000000000000000000000000
00000100000000000000000000000000000000000000000000
20100000000000000000000000000000000100000000010000
00000000000000000000000000000000000000000000000000
30000001000000000000000000000000000000000000000000
00000000000000000000G0000000000004000G000004000000
00200000000000000000000000000000000000000000000300
00000000000000000000000500000003000000400000001003
02000000000000004000040440000000300000000030000000
00020000040000000000000000000002000000020000000000
00000003000000000000000000000000002000000000000E00
00010000000000000400030000000000000400032000000100
030003000000000000004000000000H0000010000000000000
0003000000000H001020000000000000040102000400000000
00400440000000000000000000000000000000002003400000
20040000000000000010000000000000000000000010000040
99888879599679988888998399785697549395609948889636
