0000040B000BE00000C0100010000000004000000001000030
0000000B0BG0AHD00000000000000000001000000000020030
20000000000CF00AB00A000000000000000002010000000001
40000000E00EBBC0GB000B0000000000000000000400000000
37000000000CE0EAC00C0B0004000000200000000004000000
0002000000000A000C0A000400000001100000202000000000
000000020100000CAE00F00000070040000000000000400000
0000000000000000CBB0000000001100400000031000003030
00000000000000000000000303000003000000020000002000
00000000000400000B00001201000000002000000000000000
00000000230000000000000000000000000601006000000000
000000000000000E0B0E000000001000002000020000400030
000000000000040000E0000000000000000000000004000020
0000001003200100000E000000000040040000000001000001
0020000000000000000B000300030000000000100130000000
0000000000000000B0C0000000001000000030000000000000
3000020000000000000C000050000000000000020000030203
00000000300003000200000000400000003000000003000010
40000010002000000000000010210000000000000000003000
00000400000000000000000000000000000020004300403000
00000000032000000300000000000000000000001400000200
00000030000400000100000030000000000000004000000000
00000000000002203000000000304000100001000000000000
00000000300033000300000001000300000000000000010050
00401000500000000000404000000300000020003000010000
40300000000010000000000000000020400030010000000000
01000100100000001000004000010030201000000000000000
00000002002200000000000000000001000000000000000004
00404000040230000010000000000000000000000000000020
00003000000000030001000000033000000000000000400000
00000003030000000000004000000000001300000000000000
00008000000300000000000000000040000000000000001000
05000300000000000030000000040000000000000000000000
04000000000250200040000000001004100400000100000000
03140000000000000000002000300000000020000000001000
00040000000000000000000010024000000000000000000040
03000000000003010000000002003010200000000000000400
03002400000004020000000000000000000000000004300000
11000000000030000000000000106000000000005000000130
00000000000000000001000000000000000000030040001000
00000500000000000100000000000000000000007000000000
00000000000020000030001030000300000000000400000000
00110000100000000000000000402000200000400000000020
00000000004001000000003000003000440000702013000201
00002030000040000030001000000000000000003020000005
00000000000000040000140004030000000000000000304000
00030000000040000000000000000000000003000000006000
03000000000002020030000006000201000000002000010200
00000000000000100000000140000000001000020000000030
77668807087134516710572107040560014000000216770100
