04200300003000400000000200000000000000000340200000
00000000000000000000000200000000000000000100000000
00000000000000000030000000001000000000003000040000
00000000000000000000084010002061000000000000000000
00000000000000000000000003000300100000000000000000
00100000000300000000003002000300000000000000000054
00000000000003000000000000040000300000000000000000
00000010100000200000000000000031000000400030044000
00020004200000002000100000000000000000000000000000
00040030400000000000000000000000000000000000000000
000001000000000100000000000000000C0000000000000033
0200000000000000000002001000000000E000000000000200
000000000000000000001000000000000B0000000000401000
00010000000000000000000040001000000000000000030000
04000002000000000000100000000004000000000000100000
00200000000000000000000000010000000000000000000020
01000000010000000000000404040000000000000000000004
43020000000210000000000000001100000000000300000300
00000001200000000000301200000001000000003000000000
30200000000000000000000000000000000200000000000000
02300100040000000004000002000000000000200000000030
00000000000000000003004200000000004000000000000000
00000000040000000000000000000000002000100040000000
00000200000000000400000000003200300000000000030300
000000030000000000000000400000020000000F2000000000
00100030000000000003000000010000004004010000000000
2200001000000000000000000000000000003AB00000000004
004210000000000000000000000000G0000003F00000000000
101000003000060000000000000000H0000000000000002000
00000000020000000000000010400000E10000000000030000
00000004020000000000000040000000000000000000000004
00000C0000000000000000000000000000020EF00000001000
0BF0E00000300000000000000000000000000G000000000300
40000000000000000000000030000000000000000000140000
00000000010000000000000300000000000000000000000003
00000000000000FKE000000000000000003200001000000000
20000000000000040000000403000000200001000000000000
00000000000000000000000000000000000000000000000000
00400000000400000000000304062000000200000000000000
40000040000000000000000000000200000000000000004000
00000000000000000000005000000000000000000201000002
4EG01000000000000000004000000000000000000000000400
000G0300200000000000000000000002000000000000000000
00000000000200004000000000000000000000000000000000
10000000000030000000000000020000000000030400000202
00000020000000030000000000000000000000000003082000
00000000000000000000002001000000000001000100000000
00000200000000000300000400400200000000000000000332
00003000002000003000000700000000000000000001003100
97788839599475986888996299584567437304609918882436
