00000010040000004000001001000000000000000000000000
03000000000000000000000000000000000000300000000000
0000000000000000000000000000000000000200000045A000
00000000000000000000000000000000000000000C00000000
00000000000000000000000000000020000000000000000000
00000000000000000000000000000000000000300000000000
00000000000000000000000000000000000000000000400000
000000000000000000000C0000000000000000000000000000
00000000000000000000000000000000000004000000000000
0A000000000000000000002B00000040000000000000000000
00004000000000000000000000000004000000000000000000
00000000000000000000400000000000010003000000100000
00000000000040000000000000000000200000000000000030
00004000000000000000000000000000000000000000000010
00000000000000000000000000000000000000000000000000
00000000000000000000000000000000000000000000000000
00000004000000000000300000000000000000000000000000
00000102000000000000000000000000000000000000000000
00000000000000000003300000000000000000000000000000
000000000000000000000000000000300400000000000000A0
000000000000000000000000000000000000100000000000A0
000000000000B00000F000000000000000000D000000000000
03000000000000000000000000000000000000000000030000
00000000000000000000000000000C00020000000000000000
00000000000000000000000000000000000000000000000000
00000000000000000000000000000000000000000000000000
00000000000000000004000000000000300000000200000000
000000001000000000000000000A0000002000000000000000
00000000000000000300000000000000000000000000000000
00004000000000000000000000000000000003000000000000
00000000000000000000400000000000000001030A00000000
00000000000000040000000000000000000000000000000000
00000000004000000000000000200001000010000000000000
00000000000000000000000000040000000000000000000000
00000000000000000000000000000000000000000000000000
00000000000000000000000000000C0000000000000000000B
00000000000000010000000000000000000000000000000000
00000000000000000000000000000000000000000300000000
00000000000003000000000000000000000000000000000000
00000000000000000000000030000000000000000000000000
00400000000000000000000000000000000000000000000000
00000000000000000000000000040000000000000100000001
00000000000000000000000000000000000000000000000000
03000000000000000000000000000000040000000000000000
00000000000000000000000000000001000000000000A00000
000000000000000A0000000000000000000000000000000000
10000000000000000000004000000000000003000000000000
000000000400000000400000000A0000000000000000000000
00030000000000000000000000000000000000000000000000
55668504087134516410132007000500000000000214440100
