00000010060000004000001001010040000000000000000000
03000000000000000000000000000000000000300000000000
40000000000000000000000000000400000002000000050000
00000000000000000000000000000000000000000000000000
00000000000000000000000000000020000000000000000000
00000000000000030000000000000000000000000000300000
00000000000000000000000000000000000000C0000040A000
00000000000000000000000000000000000000000000000000
00000000000000000000000000000000200000000000000000
00000000000000000000000400000040000000000000000000
00004000000000000000000000400004000000000000000000
00000000000000000000400100000000010003000000100000
00000000000040000000000000000000210000003000000030
00004000001000000000000000000000000000002000000010
00000000000000000000000000000C00000000000000000000
00000000000000000000000000000000000000000000000000
20000104000000000000300000000000000000000000000000
00000102000000000000000000400000000000000001000000
00000000000000000003300000000000000000000000000000
00000003000000000000000A00000070340000000000000000
00030000000000000000000000000000000010031000000000
00000000000000000000000000000000000000000020000000
03000000000000000000000000000000100000000000030000
00000020000000000000000000000000020000000000000000
00000000020000000000000000000000020000000000000000
00000304000000000000000000000000000000000000000040
00000000000000000004000000000301300000000200000002
00000000100000000000002000000000002000004000000000
00300000000000000300000000000000000000000000000000
0000400000000B0000400000000000100000030000B0000000
0000000000000000000060000000C000000001030000000000
00000000000000040000000000000000000000000000000000
00000000004000000000000000200000000000000000000000
00000000000000000000000000040000000000000000000000
00000000000000000000000000000000000000000000000000
00000100000000000000000000000000000000000000000030
00000000000000010000000000000000100000000000000300
00000000000000000000000000010000000000000000000200
00000000000003000000000000300020000000000000000000
000000000000000000000000A0000000000000000000000000
00400000020000000000000001000000000000000000000000
00000000000000000000000000040400000000000100000001
00000000000000000000000000000000000000000000000000
03000000040000000003000000000100040000000000000000
00000000000001000000000002000001004000000000000000
00000000000000000000000000000000000000000000000000
10000000000000000000000000000000000003000000100000
0000000004000000004000A000000000000000000000000000
00030000000000000000000000000000000000004000000000
55668504087134516710132007000500004000000214770100
