00000010040000004000001001000000000000000000000000
03000000000000000000000000000000000000300000000000
00000000000000000000000000000000000002000000A50000
00000000000000000000000000000000000000000000000000
00000000000000000000000000000020000000000C00000000
00000000000000000000000000000000000000300000000000
000000000000000000C0000000000000000000000000400000
00000000000000000000000000000000000000000000000000
00000000000000000000000000000000000004000000000000
00000000000000000000000000000040000000000000000000
A00040000000000000000B0000000004000000000000000000
00000000000000000000400000000000010003000000100000
00000000000040000000000000000000200000000000000030
00004000000000000000000000000000000000000000000010
00000000000000000000000000000000000000000000000000
00000000000000000000000000000000000000000000000000
00000004000000000000300000000000000000000000000000
00000102000000000000000000000000000000000001000000
0000000000000000000330000000000000000000000000000A
00000000000000000000000000000030040000000000000000
00000000000000000000000000000000000010000000000000
000000000000000000F0000000000000000000000000000000
03000000000000000000000000000000000000000000030000
00000000000000000000000000000000020000000000000000
00000000000000000000000000000C00000000000000000000
0000000000000B00000000000A000000000000000000000000
00000000000000000004000000000000300000000200000000
00000000100000000000000000030000002000000000000000
00000000000000000300000000000000000000000000000000
00004000000000000000000000000000000003000000000000
00000000000000000000400000000000000001030000000000
000000000000000400000000000000000000000A0000000000
000000000040000000000000002000010000100000000000B0
00000000000000000000000000040000000000000000000000
00000000000000000000000000000000000000000000000000
000000000000000000000000000000C0000000000000000000
00000000000000010000000000000000000000000000000000
00000000000000000000000000000000000000000300000000
00000000000003000000000000000000000000000000000000
00000000000000000000000030000000000000000000000000
00400000000000000000000000000000000000000000000000
00000000000000000000000000040000000000000100000001
00000000000000000000000000000000000000000000000000
03000000000000000000000000000000040000000000A00000
00000000000000000000000000000001000000000000000000
000000000000000A0000000000000000000000000000000000
100000000000000000000040000A0000000003000000000000
00000000040000000040000000000000000000000000000000
00030000000000000000000000000000000000000000000000
55668504087134516410132007000500000000000214440100
