00000000040000000000000000000000000000000000000000
10000000000000000000000L000000000000K0000000000002
0030000000000000000000000004000H000000000000000100
00000400000000000000000000000000000000000000000000
00000000000000000000000000000000000000000000002000
000000000000000000000000001400000000B0J00000000000
00000000300000000000000000000000000000000000000000
00000000000000000000000000000000000000000000000000
00000000000000000000000000000000000000000000000000
00000000000000000000000000000000000000000000000000
00000000002040000004000030000000000000000000000000
000000000000000000000020000000000000000000E0000000
000000000000000000000000000000000000000000G0000000
00000000000000000000000000000000000000000000000100
00000000000000000000000000000000000000000000000000
000000N0000000000000000000000000000000420000J00000
000000D0000000000000000000000000000000010000000000
00000000000000000000000000000000000000000000000000
00000000000000000000000000000000000000000000000000
30000000000000000000000000000000000000000000000000
00400000000000000000000000000000000040000000000000
0000000000J000030000000000000000000000000000000000
00000000000000000000000000000000000000000000000000
00000002000000000000000000000000000000000000000000
00000000000000100000000000000000000000000000000000
00000000000000000000000000000000000000000000000000
00000000000000000000000000000000000000000000000000
00000000000000000000000000000000000000000000000000
00000000000000000000000000000000000000000000000000
00000000000000000000000030000000000000000000000000
00000000000000000002000000000000000000000000010000
00000000000000020000000000000000000000000000000000
00000000000000000000000000000000000000000000000000
00000000000000000000000000000000000020000000030000
00000000000000000000000000000000000000000000000000
00000000000000000000000000000000000000000000000000
00000000000000000000000000000000000000000000000000
0000000000000000G0000000000H000000000000000H000000
0000000000000000000000000000000000000000000000000L
000000N0000000000000000000000000400000000000000000
00000000000000003000000000000000000000000000000000
00000000000002400000000000000000000000000000000000
00000000000000000000000000000000000000000000000000
00000000000000000000000000000004000000000E00000000
00000000000000000000000000000000000000000000000000
00000000000000000000000000000000000000H00000000200
00000000000000000000000020000000000000000000000000
00000000000000000000010010400000000000000G00000000
00000000000000000000000000000000000010021000000000
99988879599699998888998399788697549395609948889636
