00000000000000000000000000000000000000000000000032
03000000003000000400000000000000000000340000000004
40000022000000000000000000000000040000000000053000
0000000000000000024000F000000000000000000000000000
00000000200000000000000000000000000000000000000000
00000000000000002000000000000000000000000000603000
00000000000000000000000000000000000000000000400000
00000000000000040000000000000000000000000000000000
00070000000000000000000000000000000000000001300000
00000000000000000001000000000000000000030003001000
00004003000000000000000000000020400100000000100000
10000000000000000000000000000010000003000050100030
00000000000000004000000000020000000000003004200030
1000000000000000000000000000000000D000083000000010
00000000010100000001000000000100000000000000000210
00100003000000000000000000000000000000000000000000
20200000000000000000002000000000000000000000004000
00000000000000000000000020400000000000000001000000
0000000003000000000000000000000000000000000B002000
00000000000010000000000000000000000000000000000000
00200000000000000000000000000000000010001000000000
00020000030000000000000000000000000000000000000000
0300A04000000000000043000A000000000000000000000003
00000000000000000000000000000000000000000000000000
00000000020000000000000004040000000000000300000000
00000306001000000000000000000000400000000000000000
00000300000100000008000010000000000000000000000000
00000000100000000000400004000000000000000000000000
01300030003000030300000000000000000000000000000000
00004010000000000040000000000000000000000000000000
000300000030000000000000000000000000030C0000000000
00000300000000040000000000000000000000000000000000
00003000006000000010000000000000000000000000000000
02000001000000000004000000000300000000000000000002
00000200000000000000301000000000000000000000000000
000001000000040001000000000000000000000000000C0000
00000000000020010000010000000000000100300000000300
0000000000002B100000000200030000000000000000200200
02000000000000000400000000040000000000000000000000
02020040000000000000000000000000000000000000000000
00400000000000000001000000000004000040000000000000
00000000000000000001000000000000000000000040000001
00000000000000000000000000000000000000000000000000
03000000040300000000000000000000000000000000000000
000A0030000001000000000000000000000000000020000000
00000000000030200000000000000000000000000000000000
100000000000200100000000000001000000001000000B0000
00000020040000000040000000000000000103000000000000
02030340000300000000000000000000000001014002000021
77668804087134516710172007000500004000000214770100
