00440000200000010000000300000000000000000000000400
700000400000008000000000000000000000000000E0000000
03000000040000000000000000000000000000000000000000
04300000000000000000E00000000000000000003000000000
040000000002000400C00000000000000E0003000000000040
10001200000300000000000000000000000000010000040000
03004010000000000000000000000000000000004000000000
02000020000000000000000000000000000000000000000000
000000E0000000000000000004000000000000000000000000
0000000000000000A000000000002400000G00000000000300
21000000000000005000040000000000000000010000000000
04003000000000000000010030000000000000000000000000
0000400000003000000000E000040000000000000000000000
00040000000000000000000000000000000000000000000000
03300440000000000040050400002000030001000000000000
00100000003000000000000000000000000000000000000000
40000000000000040000000010005000000000000000000000
00000000000000000000000000000000000000000000004000
00000000000000000000300000000000000000000000000000
0100000010000000E000020000000000000000000000004000
0000000000000010000000000000000000000030000000B000
04030000000000000000000000000H0G000E00000000000000
00000002000000000000000000000000000100000000000000
00110000000000000000000000004000000000000200000000
2000200000000000000000000000000000E000000000100000
30000000000000200030000000C00000030000000000000000
0201033000000010000000000000000000000000000F000000
30020000000300000000000000000000000000000000000000
00000000000010010000000000000000000000004000000000
00003020000000000000000000000A20000001000000000000
01000130000000000300000001000000000400000000000000
70040000000000000004000000000006400000001000000000
02000000000000000000000000000000400000000000000004
00000000000000000000000000400000000000040000000000
000010000000000000000000F0000000000000000000000000
0000000000000H000000100040000000000008000000000000
00000000001000000000000000000000000000000000000000
00000B00000000000000000000000000000000000000000I00
00000001000000000400010000000000000000000000000010
00000000000000000000000000000G10000000000000000000
01000000000300000000000010000000000000000000002000
2000001000000000000000000C000000000000000000000000
00000000000100000000000000000000000000040000000003
00000000000000000000000000000040000000000000000004
00000003000000000000000000000000000000000000000000
000000000000000000000000000000000H0000000000000000
00000000000000000000000000401000000000000000000000
0000000000000000000C000000000000000000F00000000080
00F00000000000000000000000000000000000000000000400
77668808397275646785982219044560334004008618880136
