0000000000000010030000000110000000000000000B000000
01000000E00000000000000000000000000000000000000000
00000000000000000000000000000000000000000000000000
400000000000100000000000000000000000000000B0000000
00000000000000000000000000000003000000000000000002
H2000000000000000H00000000400H0000000G000000000000
00000000030000000000000000000000000000000000000000
00200000400000000003000000000000000000000000000000
00000000000000003000000000000010000000000000000000
00000000000000000000000300000000000000000000000000
000000000000G00000000000000000000G0000000000002000
00000000000000000000000000000000000000000000003000
00000000000000000000000000000000000000000000000000
00000000000000000000000000000000000H00000000000000
00010000000200000000000000000000000000000000000000
000000H00000000000000000000000F00000000000E0000000
00000000000000000000000000000000000000000000300000
00B000000000000000000000300F0000000000000000001000
00000000000000000000000000000000000000000000001000
000H0000000200000000000000000000000000000000000040
00000000000000000000000000000000000000E00000100001
0H0000000000000H000000000200000000J000000000002100
00G0000000000000E000000000000000000000002000003000
00000000000400000000000000000000100000000000000040
00000000040000000000000000000000000F00000000300040
00000000000000000000000010000000000000000000010000
000000000000400000000000000000000G0000000000000000
0000040000000000000000000000000000000000H000000000
00000000000000000000000000000000000000000000000000
00000000000010000000000000000000000000000000000000
00200002000000000000000000000000000010002000000000
00000100000000000000000000000000000000042600000000
0000000000000000B000000400000000040000000040000000
00000000000000000000000000000000000000000000000000
00000000000000000010000000000000000000000000000000
00100000000000000000000000000000010000002000010000
00000000000000000000000000000000000000000000000000
30000000000000000002000000000000000000000000000000
00000000000000300000400100000000040000000004000000
00100000000000000000000000000000000000000000000000
00000000000000000000004500000000000000400000001000
00000000000000000000000000000000300000000000000000
00000000000021000000000000000000000000000000000000
00000000000000000000000000000000000000000000000000
00000000000000000000000000000000000400000000000100
0000000000020000000000000000I030000000000000000000
00000000000000000000000000000000000002000400000000
00000400000000000000000000000000002000002003000000
20000000000000000010000000000000000000000010000040
99888879599679988888998399785697549395609948889636
