00000000000000000004010100100000000400000000000000
00000000000000000200002020100000000000000000000000
00000A00000000100000000001000000B00000300000000000
00000000240000030000010070190000000000000000000000
00000000000000000000001110201000000200000000000000
00000000000000000000100404002000000000020000000000
00000000000000000000000000020000010000D00000000000
30004000000000000000020000000000000000000000000000
000000030000000000000030001000A0000000000000000000
00000000000000000000000000000000000000000000000B00
00000034000000000003000000000000000000000000000000
00000000000002000000004000000300000000000000000000
00000000000000000000000020000000001000000000000400
0002040000400000030000110000002003000C000000030000
00000000000000000000000000010400000000000000000000
00000000000000000000000000002000000020000000000000
24001330031000000000000000000030003000000200000000
00000600000000000000000000000000000000000000001000
0002000400000000004000000400000000040030000A000000
00303000003040000000000000000000010000000000000000
00200000420001030000400000000004000000520300000000
00400003240000000200000000000000000001100000000200
00000001010000000000000000000000000000000000200000
00000000000000020000000000000200000001000000000000
00000220000000000000000000000000000000000000000000
00020003000400300000000000000000000000000000000000
20000000010000210000000000000400000000000400000000
00010010050000000000000000000000000200000000000000
00004000300010000000000000000000000000010000000000
00300322000000300000000000000300000000000000000000
00000000000000000000000000000000000000000000000000
00000000000000000000000000000000000000000000000000
01000300200000000000000000003000000000000000000000
00000000000000000000000000000000000000000000000000
00000050000000000000000000000002000000200000001000
00000100003001030020000000000000000000040000000000
300000303120000000200000003000000300000A0000000000
00000000040000100000000000100004000200400000000000
00000000000000000000200000000000000000000000000000
00000000000200000000000000000000000003000000000600
0A000020000000000000000000202000000010000000004000
001000000000000100000000000040000000400800000002A0
00000000100000000400000000000000000000000040020001
00003000000000000100000010000000000040005000000010
00A03000000000000000000000000000000000000176100008
00400000010000000000000000000000000000000040401000
52400000000000000000000000000402063100004014020000
0000000000B000000000000000000000000001000050330000
00400000000000000300000020000000000101408144000000
02625500082100114110101407004101320030140010000000
