00000300000000000000000000000000000000000340200000
00000000000000000000000200000000000000000100000000
00000000000000000030000000001000000000003000000000
00000000000000000000044010002031000000000000000000
00000000000000000000000000000300100000000000000000
00100000000300000000000002000300000000000000000054
00000000000003000000000000000000300000D00000000000
00000010000000000000000000000001000000000030044000
00020000200000002000000000000000000000000000000000
00040030000000000000000000000000000021000000000000
00000100000000010000000000000000040000000000000000
02000000000000000000020000000000000000000000000200
0000000000000000000010000000000000000A000000401000
00010000000000000000000040000000000000000000030000
04000000000000000000000000000000000000000000100000
00200000000000000000000000000000000000000000000020
01000000010000000000000000000000000000000000000004
43020000000210000000000000000000000000000300000300
00000000000000000000201000000F00000000003000000000
30200000000000000000000000000000000200000000000000
02300100040000000000000002000000000000000000000030
00000000000000000003004200000000003000000000000000
00000000000000000000000000000000002000000040000000
00000000000000000400000000003200300000000000030300
00000000000000000000000040000002000000002000000000
00000030000000000000000000010000000004010000000000
2000001000000000000000E000000000000000000000000004
004210000000000000000000000H0000000000000000000000
10100000300000000000000000000000000000000000002000
00000000000000000000000010400000010000000000030000
00000004020000000000000000000000000000000000000000
00004F00000000000000000000000000000200000000001000
00000000003000000000000000000000E00004000000000300
00000000000000000000000000000000000000000000000000
000000000000000200000003000000000000000000200H0003
00000000000000020000000000000000000000000000000000
20000000000000000000000003000000000000A00000000000
00000000000000000000000000000000000000000000000000
00400000000400000000000300060000000000000000000000
40000000000000000000000000000000000000000000004000
00000000000000000000004000000000000000000201000002
40201000000000000000000000000000000000000000000000
00000300000000000000000000000000000000000000000000
00000000000000004000000000000000000000000000000000
00000000000030000000000000000000000000030400000200
00000020000000000000000000000000000000000000080000
F0000000000000000000002001000000000001000000000000
00000200000000000300000400400200000000000000000032
00003000002000000000000700000000000000000000003100
97788839599475986888992299584567437304609918882436
