00000000000000000000000000000000000000000000000000
00000000000000000000000000000000000000000000000000
000E00000000100F0000000000000000000000030000000000
000D0000000000000001000000000000000000000000004000
00000400000000000000000000000000002000000000000000
00000000000000000000000000000000000001000000000000
00000000000000000000000000000000000000000000000000
00000004000000000000000000000000030000000100000000
00000000000400000000000000000000000000000001000000
00000000000000000000000000000000200000000000000000
00000000000000000000000000000000000000000000000000
00000000000000000000000000000000000000000000000000
00000000000404000000000000000000000000000000000000
00000000000000000000000000000000000000000000000000
00000000000000000000000000000002000000000000000000
00000000000000000000000000000000000000400000000001
00000F00000000000000000000000000004001000000200000
00000000000000000000000000000000000000000000000000
00000000000002000000000000000000000000000000010020
00000000000000000000000000000000000000000300000000
00000000000000000000000000000004000000000104000000
00000000000000000000000000000000000000000000000000
00000000000000000000400020000000000000000000000000
00000000000000000000000000000040000000000001000000
00000000000C00000000000000000000000000040000000000
00000000000002000000000000000000000000000000000000
00000000000000004000000040000000000000100000000000
00000000000000000000000000000300000000000000000000
A0000000000010000000004000000000000000000000000000
00000000000000000000000000000000000000000000000000
0000000000000000000000001000000000000A000000000000
00400000000300000000000000040006000000010000000000
00000000000000000000000000000000000000000000000100
00000000000000000000000000000030000000020000000000
000040000F0000000000000000000010000000000000000000
00000000000000000000000000000000000000000000000000
0B000000000000000000000000000000000000000000000000
001100000E0000000000000030000000000000000000000000
0000000000000000E0000000000000000G0000000000000004
60000000000000200000000000000000000000000000000404
00010000000000000000000001000000000000000000000020
50000000000001000004020000000000000000000000001000
40000000000004000000000000000000000400000000003401
040000200000010300400000I00B0000030000000000000000
0002000000000004000000002000000030000B000000000002
00360002700000000400000000000000000000000000000000
400010702000J30000000000000010000000000B0000000000
05404001405000000000001000000000000000000000000102
3000000200004000000000000000000G000000000000000000
97768838397475946888982299344564434004009918882436
