00001000000000001000000000000000000000000000000040
10002000000004004040000000000000000000000000200040
04000000011000000000000000020000200000000000050000
00001040000000000200000000000000000000000000000000
00230100000010010070000000000000000000000000000000
00000000000302000000000000000000000000000000000020
00300002000000000000000000000000000000000000000000
00000100000030004000000000000000000000000000000000
00014020000032000000000000000000000000100000000000
30000000000400000000100000000000000010000000000200
00600003000000000000000000000000000000000004000000
00000000000000000000000000400000000400000000000000
00220000000000000200000000003000000000000000000000
00000000300000400000000000000000000000000000000010
00000000000000000000000000000000000000000010000000
10000000000001000000040000000020000000000000030000
0400003200000000000B000000000000000000000000000000
00002000000000000000000000020000000000000000400010
00080030000020000000000000000045001000000000000000
000000340000000000E00000B0000000000000000000003000
00000000000000000000001100000000000000000000000000
00420030000000000000000000000000000000000000000300
0100020C000000000000000440000000100000000000030300
00000000000000000000000020000120000000400000000004
00001000000000000000000000000300000000300000000004
1010000000000000000A000000004000000000000000000000
0000000020000000000B000000000010304000030000000000
00000000000000000000000200200403000000000000000000
00001000000000000000000000000000000000000010000000
03000000203000000000000000000003000000000010020000
00302000000000000000000003000000000000000030000000
00000000000000000000000000000000000000300000001030
00300000000000040000000000040000000000000500000000
00000000000000000002000000000000000000000030000000
003000000A0020000000000000000000000000000000000000
00300000300000000000000001000000B000002000004300C0
00103000022000000000000010000000000000002000000000
25200000000000000000000000000000000000100000000000
000000003041000000B0000000000000000000000000000000
01401100000000002000000000000000000040000000200000
00033000000030000000000000000000000000000000000000
00030100104000000000000002000000000B00200000200000
00000000000000000000000000000000000000020000000000
00000000000000000000000000503000000000200000000000
00000000100000000000000000000000000000C00000000000
00000000000000000000000000000000000000100000000002
00000000000000000000020003004304033400004000000000
001021000020000000000000000000000440000000B0000000
00000100000000000010200000000000000000002004000000
35648504087134116410102007000504452100540010440100
