00000300000000000000000000000000000000000340200000
00000000000000000000000200000000000000000100000000
00000000000000000030000000001000000000003000000000
00000000000000000000004000002031000000000000000000
00000000E0000000000000000000030010000000E000000000
00100000000300000000000002000300000000000000000014
00000000000003000000000000000000300000000000000000
0000001000000000000000000000000000000000E030044000
0002000000000000200000000E000000000000000000000000
00040030000000000000000000000000000021000000000000
00000100000000010000000000000000040000000000000000
02000000000000000000020000000000000040000000000200
00000000000000000000100000000000000000000000401000
00010000000000000000000040000000000000000000000000
0400000000000000000000000000F000000030000000100000
00200000000000000000000000000000000000000000000020
01000000010000000000000000000000000A00000000000000
43020000000200000000000000000000000000000300000000
00000000000000000000200000000000000000000000000000
30200000000000000000000000000000000200000000000000
00300100040000000000000002000000000000000000000030
00000000000000000003004000000000003000000000000000
00000000000000000000000000000000002000000040000000
00000000000000000400000000000000300000000000030300
00000000000000000000000040000002000000002000000000
00000030000000000000000000000000000004000000000000
00000000000000000000000000000000000000000000000004
00421000000000000002000000000000000000000000000000
10100000300000000000000000000000000000000000002000
00000000000000000000000010200000000000000000030000
00000004020000000000000000000000000000000000300000
0000400000000000003000000000H0000002000000000010H0
00000120003000000000000000000000000004000000000300
000000000000000000000E0000000000A00000000000000000
00F02000000000000000000000000000000000000020000000
00000000000000020000000000000000000000000000000000
20000000000000000000000000000000000000400000000000
00000000000000000000000000000000000000000000000000
00400000000000000000000300060000000000300000000000
40000000000000000000000000001000000000000000004000
00000000000000000000004000000000000000000201000002
40001000000000000000000000000000000000000000000000
000003000000000000000000000000E0000000000000000000
00000000000000004000000000000000000000000000000000
00000000000030000000000000000000000000030000000200
00000020000000000000000000000000000000000000080000
00000000000000000000000001000000000000000000000000
F0000000000000000300000400400200000000000000000031
00003000002000000000000400000000000000000000003100
97788839599475986888992299584567437304609918882436
