0000000A000000000004010100100000000400000000000000
000000000000000000000020101000000000000000D0000000
00000000000000100000000001000B00000000300000000000
0000000004000000000001007019000000000000000B000000
00000000000000000000001110201000000200000000000000
000000000000000000001004040020000000000A0000000000
0000000000000000000000000002000000000B000000000000
30000000000000000000020000000000000000000000020000
00000003000000000000000000100000000000000000000000
000000000000000000000000000000A0000000000000000000
00000034000000000003000000000000000000000000000000
00000000000000000000004000000300000000000000000000
000000000000000000000000200000000000C0000000000400
00020400000000000000000100000020030000000000030000
00000000000000000000000000010400000000000000000000
00000000000000000000000000002000000020000000000000
2400133003100000000000000000003000300000000A000000
000006000000000000000000D0000000000000000000001000
00020004000000000040000000000000000400000000000000
00303000000040000000000000000000010000000000000000
00200000420001030000400000000004000000520300000000
00400003240000000200000000000000000001100000000200
00000001010000000000000000000000000000000000000000
00000000000000020000000000000200000001000000000000
00000220000000000000000000000000000000000000000000
00020003000400300000000000000000000000000000000000
2000000001000020000000000000000D000000000400000000
00010000050000000000000000000000000200000000000000
00004000300010000000000000000000000000010000000000
00300322000000300000000000000000000000000000000000
00000000000000000000000000000000000000000000000000
00000000000000000000000000000000000000000000000000
01000300200000000000000000003000000000000000000000
00000000000000000000000000000000000000000000000000
00000050000000000000000000000002000000200000000000
00000100003001000000000000000000000A00000000000000
30000030312000000020000000300000030300000000000000
A0000000040000100000000000100004000200400000000A00
00000000000000000000200000000000000000000000000000
03000000000200000000000000000000000000000000000600
00000020000000000000000000202000000010000000004000
01100000000000010000000000000000000040080000000200
000A0000100000000000000000000000000000000040000001
00003000000000000000000000000000000040001000000010
00003000000000000000000000000000000000000176100008
0040000001B000000000000000000000000000000040401000
52400000000000000000000000000002063000004014020000
00000000004000000000000000000000000001000050330000
00400000000000000300000020000000000101408144000000
02625500082100114110101407004101320030140010000000
