20000000000001000000000000000000000000000000000000
00000000000000000000000000000040000000000000000000
2001000000000000000000000000E000000000000000000000
20000000000000000000000000000000200000000000000000
00040000000002000000000000000000000000000200000000
00000000000000000000000000003000000000000000000000
00000000000000000000000000000000000000000000000000
00000000000000040000000000000200000000000000000000
0000000E002032300000000000000000000000000000000000
00000300000003000000100000000004000000000000000000
0000000000000000000000000000000000000B000000000000
00000000000000000000000000000000000000000430000000
01000003000010004000000000000000000000000000000000
00010000000000000000000000000000000000000000000000
00000000000000000000000400000000000000000000000A00
00000000000000000000000300000000000001000000000001
0000000000000000000000000000A102000000000000200203
00000400000004000000000000000000000000000000000004
000020100000000000000000000000001000000000000530A0
00000000000000200000000000000000000000000000000000
00000000000000000000000000000000000000000000000200
00000000000000C00000000000000000000B00000000000040
00000000000000F00000000000304000000010B00100000000
00000000000000000000000001030800100000000000000F00
00000000000000000000000000200E00020420003000010000
00000000000000000000000000000020000030050020000000
00000000000000000000400000010000001030000000000000
00000000000000000000000000000000000000040000000005
00000000000000000000000000000000020000000004000020
00000000004000000000000000037000000040005000400000
00000000000000000000000000030020001300000301000000
00000000000000000000000000302044060120010000001002
00000000000000000000000030044000000040000000000000
00000000000000000000000000001004101420003100000300
00000000000300000000004000310000100020400000001030
00030000000000000000001010124000000000034000000440
00000000000000000000100002206010200000003430000400
00000040000000000000000000000000000034330004300044
00000030000000A00000004000109000400110005000002231
00000000000000000001004020000000000000030040001000
01000003000000000000002400020000000000007000000002
00000000000000000000001030000300000000230400043000
00000000000000000000030020402040200300400000100222
00000000A00005000000003000023300770000703013000203
00002000000000000030001000000000000003003020010305
00000000000000000000440034030000041000130100304000
00000000000100000000000000001000030003340000006000
B02000000002000C00B0000006002701001010006000016300
04000000000000020000000140002010001304020001002030
77668807087234626713972107044560314000004218770100
