00900000000000000000000000000000000000002000000000
04030000000000000000000000000000000000300000000040
00000000000302000000000000D0F000000000000000000000
00000000200000001000000000000000000000000000000030
0000000200030000000000000000D00000000000000000000E
00000000000000000000000000000000000000000000000000
00000000000030E00000000000000000000000000000000000
00200000000000000000000000000000000000000000000000
0100000003003000D00000000000000000000E000000000000
000000000020000F0000000000000000000000000000000000
00000010400200000000000000000000000000000000000000
00000000000000002000000000000000000000000000000000
30004340000000100000000000000000000000000000000000
00040500000000020000000000000000000000000000000000
04000200004040004000000020000000000000000000000000
00000000000044000000400000000000000000000000000400
30002430300100000100300000000000000000000000000000
00000000000040000000C0000C040000000000000000000020
0000030000200000000C004000000000000000000000000000
00200000002300000000000000D00000000000000000000000
00000100000000000000000000000000000000000000000000
00000000000000000000000000000000000000000000000000
00000000000000000000000010200000000000000000000000
0000000000000000244000000C0000000F0000000000000000
00000100000000000030000000000000000000000000000000
00000000000000000000000000000000000000000000000000
0402000000000000001000000000000F000000000000000000
00030000002000000000000000000000000000000000001000
00000000000000000000000004000000000000000000000000
70000020000000040000004000000000000000000000000000
00002000000020000000000000000000000000000000000000
00000000300000000000000000000000200000000000000000
00000000000000202000020000000000000000000000000000
00000000000000000000000000000000000000E00000F00000
00000004000000000022000002000000000000000G00000000
0000000003040000000000000000000001A000000000000000
00040000000000040030000000000000000000000000000000
00000000000000000100000000000000000000000000000000
00000000000000030000000000000000000000000000000000
600200000000000000000004000004000D0000000000000000
00010000000000000000000000000000000000000000000000
50002000000000000000000000000000000000000000000000
40000003000004000000000000000000000000000000000000
04000020000000030000000000000004000000000000000000
00020004000000000000000000000000000000000000000000
00310000700000000000001000000000000000000000000000
40000070200000000000000000400000000000000000000000
04400000402000000000000000000000000000000000000000
3000000200000000000000000000000000000000H000000000
97768838397475946788982259344564434004009918882136
