00440000000000000000000000000000000000000000000000
70000000000000400000000000000000000000000000000000
02000000000000000000000000000000000000000000000000
04300000000000000200000000000000000000000000000000
04000000000000000000000000000000000000000000000020
100000000000000003000000000G0000000000000000030000
03000000000000000000000000000000000000000000000000
02000000000000000000000000000000000000000000000000
0000000000000000000C000000000000000000000000E00000
000000000000000000000000000002000000000000000000B0
00000010000000006000000000000000000300000000000000
00000000000000000000000000000000000000000000000000
00000000000000000000000000000000000000000000000000
C0000000000000000000000000000000000000000003000000
00000000000000000040000000000000000000000000000000
00000000000000000000000000000000000000000000000000
00000000000000000000000000005000000000000000000000
0H00000000300000000000000000000000000000000C000000
00000000200000000000300000000000000000000000000002
0000000000000000000000000000000HA00100000000000000
00000000000000010000000000000000000000000000000000
00000000000000000000000000000000000000000000000000
00000020020000000000000000000000000000000000000000
00000000000400004D00000000000000000000000000000000
00002000000000000000000000000000000000000000000000
00000000000000000000000000000000000000000000000000
02000000000020020000000000000000000000000000000000
30010000000000000000000A00000000000000000000000000
00000000000000000000000000000000000000000000000004
000000000000000000000000000003000000A0000000000000
00000000000000000000000000000000000000000000000000
40000000000000000004000000000006000000000000000002
00000000000000000000000000000000000000000000004000
00000000000000000000000000000000000000000000000000
00000000000000000000000040000000000000000000000000
00000000000000000000000000000000000020000000000000
00000000000000G00000000000000000000000000000000400
0E000000200000000000000000000000004G00000000000430
0000000000000000000000000000000000300B000000000000
00000000000000000400000000100000000000000000000004
00040000000030000000000000000001000000000000000010
00000000000000000000000200000000000000000000000I00
0000000000000000000000000E000000403000000000000000
00000000000000000000000300000500304000000000000000
00000000000000000000000000020000300000000000000000
00600000B0000000000C000H00000001000100600000400000
00000300000000000000000000000000000040000030000F00
000000000000000000000000000HG001000040000000000010
00000000000E00000000000000000010000000000300000400
77668808397275646785982219044560334004004618780134
