00000000000000000000000000000000000000000000000000
00000000000000000000000000000000000000000000000000
00000000000000000000000000000000000010000000000000
0000002000000000000304000000000F001000B00000000000
00000000000000000000000000000000000000000000E00000
00000000000000000000000000000000000000000000003000
0000000000000000000000000C000000000000000000000000
0000000000000000000I000000000000000000000000000000
00000000000000200200000000000000000000000000000000
00000000000000000000000000000000000000000000000000
00000000000000000000000000000000000000000000300000
000000000000000000000000010000000000010D0000000000
0A000000000000000000000000000000000000000000000002
000000F0000000000100000000200000000000000030000010
00000000000000000000000000000000000000000000000000
00000000000000004000000000000000000000000000000000
00000000C00000300000000004045000000000000000000000
00000000000000000000000000000000000000000000006000
003000000000B0000020040000000000000000000020010000
0000000100000000000000003000000000000000010000000C
000000000000000300040000000000000002F0003000000000
0003000000033000000A000000000000000000000000000000
00000030000000000000000000000000000000003000000003
02110000002000000000000000000000000000020000000004
20002000000000000H00000000000000000000000000000000
0C000000000000000000000000000000010000040000000000
000000000000000000000000D000000000000000000C000001
000200000003000D0000000000000000000000000000000000
0F000000000000000000000000000000000000000000000000
000000000D0000000000000000000000000001000000000000
00000000000000000000000000000000000000000000000000
70000000000000000000000000000000000000000000000000
0000000000000000000000000000000000000000E000000000
000000000000000000030E0000000000000000000002000000
00000000000200000000000000000000000000000000000000
0000000000000000E000000000000000000000000000000000
00000000000000000000000000000000000000000000000000
00000000000000000000000000030000000000000000000000
00000004000000000000000000000000000000000000000000
00000000000000000100000000000000000000000000000000
0001000000000E000000000000000000004000000000000000
20000000000000000000000D00000000000000000000000000
00000000000000000000000000000000000000000000000003
04000000000000000000000000000000000000000000000000
00020004000000000000000040000000000000000000000000
00010000700000000000000000000000000000000000000000
00000020000000000004000000000000000000000003000000
000000000000000000000000000000100000000000000000G0
00000000000000000000000000000000000000000000000000
77768838397275646785982229344563334004008618880136
