00000000050000400203000020000000000000300001000000
00000002010100000300300000000000000040000800032000
32000003000010020000000010000000000000000200000000
00004000000000130000000010000000000000000000004404
02200000010030000000411000000000000002000300000002
000000000001000000000300000000000030000000000000C0
0000000000000000000000A000000000000000000010000000
0000000000010000200H000001100000000000000000000000
00200010000000005000000000000000000000000000000000
20300000000000210010000000000300000000000000000000
0340000000000000000000000000000D000000000000000000
0000030000300000000000000000000000000000000000000E
00300000000001000000000000000000000000000000A00000
3000030010B000000000000000000000000000000G00000034
0002E000000000000000000000000000001000000000000000
00000000000040000000000000000000000000000000000044
00050000000000100000000000000000000001000002000000
04400000000000000000020000000000000000000000000000
00F01000000000000000000000000000000020000030010020
0C000000000000000000000000000000000000003320000020
00000000000000000000000100000000000000000107002004
10000004000000010000000300000000000000000400000000
00100000000300300000000000000000000000000000002003
00000000000000000000000000000000000003000000000000
0400040300000000000000000E000000000000000000000300
00000000000000000000000030000000000000000300000003
00440200000000000000000001000000000000300000000000
001000002E000000000000000000000B00000000004000000F
00010000000000000000000000000000200000000000020000
40000000000000000000000000040000000000000000000000
40000100000000000000000000000000031000000000000000
00040000000000000000000000000C00000000003020000000
00000000000000000000000000010000000002000000000000
20000000000000000000040000000000000000000000000000
100000000000000000G0000020000000000040000000000040
00000000042000000000000000000000000000200400000000
00000H00001000002000000000000000010020000000000000
010040000000000000000000000000000000000000G0000000
10000000001000000000000000000000000000000000000000
00000000000000000000000000000030000000000000000000
0001000000000A000000000000000000000000040000000000
00000000000000000000000000000003000000000000020000
00000000000000000100004000000000000000000000000000
00000000000000000000000000000000000000000000000000
00000000000000000003000000000000000000000000000000
00010000000000000000000200000000000000000000000000
00000000000000000000020000000F03000000000000000000
00000000000000002000000000000000000000010000000000
0000000000000000000000000100000000000E000000000000
97788838597475986888992299584566434004609918882436
