00440000200000000000000000000000000000000000000000
70000040000000400000000000000000000000000000000000
0300000000000000000C000000000000000000000000000000
04300000000000000000000400000000000004000000000000
040000000000000000000000000000000000000000E0000020
10000200000000000002000000000000000C00000000000000
03004000000000000000000000000000000000004000000000
02000000000000000000000000000000000000000000000000
00000050000000000023000000000100000000002000000000
00000000000000000000000001000200000000000330000000
00000000000000006000001000000000000300000000000010
00000000000000000000000000000000010000000003000000
00000000200000000000000000040001000000000000000000
00040000030000000000000000000000000000300000040000
03000400000000000040050400000000000000000000000000
00000000000000000000000000000000000000000000000000
00000000000000000000000000005000000000000000000000
00000000003000000000000000000000000000000000000000
00000000000040000000300000000000000000000000000002
00000000000000004000000000000000000100000100000000
00000000000000110000000000000000000000000000004000
00030000000000000000000000000000000000000000000000
00000000000000000000000000000000000000000A00000000
000000000C0000004000000001000000000000000000000000
20002020000400000002000000000000000000000000000000
00000000E00000000010000000000000030000000000000000
02000000000020022003000000000040000000000000000000
30000000000000000000000004001000000000000000000000
00000000000000000000000200000000000000004000004004
00000000000000000000000003000300000000000000000000
01000000000000000000001001000000000400000000000000
40040000000000004004000000000006400000000000000002
00000000000000000000000000000000000000000000004000
00000000400000000000000200000000000000000003200000
00000000000000000000000040000000000000000000002000
00000000000100000000000000000000000008000000000000
40000000000000300000000000000000000000000000300403
000000000000300000000000000000000040000000020001I0
00000000000000000020000000000000003003000000000000
00000000000000000400000000000000000000000000000006
000400000000G0000000000000000000000000000000000010
00000000000000000100000000000000020000001000100000
00000000000000000040000000000000003000000000000000
00000000000000000000000000000000004000010000000000
0000000000000000000000000E020001000000000000000000
006000000000000000000000000000G0000000600030400000
000000003100000000000000C000000000H00000F030000000
00000001000000000000000000000300000000000000000010
00000B04000000000010000000000000000000000000000400
77668808397275646785982219044560334004004618780134
