00440000000000000000000000000000000000000000000000
70000000000000400000000000000000000000000000000000
03000000000000000000000000000000000000000000000000
04300000000000000000000400000000000004000000000000
04000000000000000000000000000000000000000000000020
10000200000000C00002000000000000000C000000000E0000
03000000000000000000000000000000000000004000000000
02000000000000000000000000000000004000000000000000
00000010000000000023000000000000010000000000000000
00000000000000000000000001000200000000000030000000
00000000000000006000000000000000000300000000000010
00000000000000000000000000000000000000000003000000
00000000000000000000000000040000000000000000000000
00000000030000000000000000000000000000000000040000
00000400000000000040010400000000000000000000000000
00000000000000000000000000000000000000000000000000
00000000000000000000000000005000000000000000000000
0000000H003000000000000000000000000000000000000000
00000000000040000000300000000000000000000000000002
0000C000000000000000000000000000000100000100000000
00002000000000010000000000000000000000000000000000
00000000000000000000000000000000000000000000000000
00000020020000000000000000000000000000000000000000
00000000000400004000000001000000000000000000000000
20002020000000000002000000000000000000000000000000
00000000000000000010000000000000030000000000000000
02000000000020022003000000000000000000000000000000
3000E0000000000000000000000010000000000000A0000000
00000000000000000000000200000000000000000000000004
00000000000000000000000003000300000000000000000000
01000000000000000000001000000000000400000000000000
40000000000000000004000000000006000000000000000002
00000000000000000000000000000000000000000000004000
00000000000000000000000000000000G00000000000200000
00000000000000000000000040000000000000000000000000
000000000001000000000000000000000000040000000000I0
00000000000000300000000000000000000000000000300403
000000000000000000000000000000000040000D0002000400
00000000G00000000000000000000000003003000000000000
00000000000000000400000000E0000H000000000000000004
00040000000030000000000000000000000000000000000010
00000000000000000100000000000000000000000000100000
00000000000000000040000000000000003000000000000000
00000000000000000000000000000500004000010000000000
0000000000000000000C000000020G00000000000000000000
00600000000000000000010000000000000000600000400000
00000000310000000000000040000000000000000030000000
000000000000000000000000000000000000F0000000000010
B0000000000000000000000000000000000000000000000400
77668808397275646785982219044560334004004618780134
