000000000500H0000000000000000000000000F00000000000
000000000000000000300040000000000000H0000100000000
00001000000D00000000000000000000000000000000000000
00000000000000000000000003000001401000000000000000
00000000000000000000000000000000000000000000000000
01000000000000000000000000200000000000000000000100
0000000000000000000E000000000000000000000000100000
02000000000000000000000000000000000000000000000000
000000000000000000H0000000000000000000000000000000
000C0000000000000000000000440000000000000000000000
JF0F0000000000000000000000000100000000000000000000
00000000000004000030000000040000000000000000000200
00000000000000000000000200000000000000000400000000
000000G0000000000000003040000000000000000000000000
00000000000000000000000000040000000000000000000000
000000000000000000000000000400000E0000000000000000
00000000000000000000000000000000000000000000000000
000100000000F0000010000004000000000000000000000000
0000000000E000000000000030002000000000000000000000
0003000000000000000000000000020000000000000D000G00
00000000000000000000000000000000000000000000300000
00400000000000010000000000000200000000000000000000
000000000000000000000000B000H000000000000000000003
00000400000002000000000000000000020000000000000004
00000000000000000000000000000400000000000000000000
00000000040000200000000000000000030000000300000000
00000000000000000000000000000000000000000000000000
00000000000000003000000000000000000300000000000000
001000000000000000000E0C00000000000000000000000000
00000000000000000000000000000000000000000004000000
00000000000000020000000000000400000000000000000000
01000000000000000000000000000000000000000000000000
00000000000000000000000000000000000000000000000000
000000000000000000000000000G0200000000000000000000
000000003000000D0000000000000000000000300000000000
00000000000000000000000000000000000000000000000000
00002000001000000000030000200000000000000000000000
0000003000000000000F000000000000000000000000000000
0000000000000300000000J000000000000003000000000000
0000000000000000000000000400000000000000G200040000
00000000000000000000000000000000000000000000000000
00004000000000000000000000000000000000000000000000
00000000000000000000004000000000000020000000000000
0000000000J000000000000000000000002000000000000000
00320000000000004000000000000002002000000000000000
00200000000000000000000020000004000000001000040000
00000000000000000000000000000000000000000000000000
00000000000000000000000000000200000000000000000031
00000000002000000000000000000000000000000000000000
97788839597475986888992299584567437304609918882436
