00000000000001000000000000000000000000B00000000000
00000000000000000000000000000000000000000000000000
20010000000000000000000000000000000000000000000000
20000000000000000000000000000000200000000000000000
00000000000000000000000E00000000000000000200A00000
00000000000000000000000000003000000000000000000000
0000000E000000000000000000000000000000000000000000
00000000000000000000000000000000000000000000000000
00000000000030300000000000000000000000000000000000
00000000000003000000000000000003000000000000000000
0000000000000000000000000000000000000000000000000A
00000000000000000000000000000000000000000430000000
01000003000010000000000000000000000000000000000000
00010000000000000000000000000000000000000000000000
000000000000000000000000000000000000000000B0000000
00000000000000000000000000000000000000000000000001
00000D00000000000000000000000102000000000000200203
00000000000000000000000000000000000000B000000000A4
0000200000000000000000000000000000000000000D053000
000B00000000000000000000000A0000000000000000000000
000000000000C0000000000000000000000000000000000200
000000000F0000000000000000000000B00000000000000040
00000000000000000000000000304000000010000100000000
000000000000000000F0000001000800100000000000000000
00000000000000000000000000200300020420003000010000
00000000000000000000C00000000020000030050020000000
0000000000000000000000000001003E001030000000000000
00000000000000000000000000000000000000040000F00005
00000000000000000000000000000000020000000004000020
00000000000000000000000000037000000020005000400000
00000000000000000E00000000030020001300000301000000
00000000000000000000000000302044060110010000001002
00000000000000000000000030044000000040000000000000
00000000000000000000000000001004101420000100000300
00000000000000000000004000300000100020400000001030
00030000000000000000001010124000000000034000000240
00000000000000000000100002003010200000003430000400
00000040000000000000000000000000000034330004300044
00000000000000000000004000109000000110005000002231
00000000000000000001004020000000000000030040001000
01000000000000000000002400020000000000007000000002
0000000000AAA0000000001030000300000000230400043000
0000000000000D000000030020402040200300400000100222
0B000000000005000000003000023300770000702013000203
000000001000000C0030001000000000000003003020010305
00000000000000000000440034030000041000130100304000
00000000000100000000000000001000030003340000006000
00200000000200000260000006002701001010006000016300
0400000000000002B000000140002010001304020001002030
77668807087234626713572107040560314000000218770100
