00000300000000000000000000000000000000000200200000
00000000000000000000000200000000000000000100000000
G0000000000000000000000000000000000000003000000000
00000000000000E00000004000000031000000000000000000
0000000000000000000000000000030000000000E200000000
0000000000030000000000000200E300000000000000000002
00000000000000000000000000000000000000000000000000
00000000000000000000000000000000000000000000004000
00020000000000002000000000000000000000000000000000
00040000000000000000000000D00000000020000000000000
0000000000000000000000000000C000000000000000000000
02000000000000000000000000000000000040000000000000
000000000000000000000000000000000000000000E0000000
00000000000000000000000000000000000000000000000000
000000000000000000000000000000A0000030000000000000
0000000000000000000000E000000000000000000000000020
0000000000000000000000000000000000040000000C000000
4000000000000000000000000E000000000000000000000000
000000000000000F0000002000000C00000000000000000000
30000000000000000000000000000000000200000000000000
00000100040000000000000000000000000000000000000000
0000000000000000000000400000000000000000000000H000
00000000000000000000000000000000000000000040000000
00000000000000000000000000000000000000000000030300
00000000000000000000000000000002000000000000000000
00000H000000000000000000000B0000040000000000000000
00000000000000000000000E00000000000H00000000000000
00001000000000000200000000000000000000000000000000
00100000000000000200000000000000000000D00000002000
00000000000000000000000000200000000000000000030000
00000000020000000000000000000000000000000000000002
040040000000000000000000000000000000B0000000000000
F2000000003000000000000000000000000000000000000000
00000000000000000000000000000000000000000000000000
00012000000000000000000000000000000000000000000000
00000000000000000000000000000000000000000000000H00
00000000000000000000000000000000000000000000000000
00000000000000000000000000000000000000000000000030
004000000000000000000000000600A0000000000000000000
40000000000000000000000000000000000000000000004000
00000000000000000000002000000000000000000000000002
4000000000E000000000000000000000000000000000000000
00000000000000000001000000000000000000000000000000
0000000000000000000000000000000H000000000000000000
00000000000000000A00000000000000000000000000000200
F00000200000000000000000000000000000E000F000080000
00000000000000000000000000000000000004000000000000
00000000000000000000000300400200000003001000000031
02003000002000000000000400000000000000000000003100
97788839599475986888992299584567437304609918882436
