00900000000000004000000000000000000000002000000000
04030000000000000004000000000000000000300000000040
00000000000300000000000030000200104000000000000200
00000000200000000000010000000000001000000000000030
00000002000300000000000000000000140000000020000000
00000000000000000500000003000000040000000000000000
00000000000030000000000000000020000000001000200000
00200000000000020000000I00000001000000000000000000
0000000003003000000000000H000000000000400002000000
00000000002000000000000000000000000102000000000000
00000010400000000000000000000000004000000000010000
00000000000000002000000000000000000000230000000000
30004300000000100000000020000000000000000003000000
000405000000000200000000000000000000400000H0000000
04000200004000004000000000000000000000000H00000000
00000000000040000000000000000000000000000000000000
30000030300100000100000000010100000000000000000000
00000000000000000000000300002000030000000030000000
0000030000200000000400400300000000000H00003000GG00
002000000023000000000105000000000000G0000000000000
00000100000000000000000020000000000000183000000000
00000000000000000000000000000000000000000003040000
00000000000000000000001010200000000000100000000000
00000000000000002440000000000000000000000000000000
00000100000000000000000000000020000000000040004000
00000000000000000000000000000000040000000000000000
04020000000000000000000000000000040000000000100000
00000000000000000000000000000000000002000000000000
000000000000000000000000010000000300000000000B0C00
70000000000000040000004000000000000000000000000000
00000000000000000000000000000000000000000000000004
00000000300000000000000000000000000100000000000000
00000000000000202000020000000000000000000000000000
00000000000000000000000000000000000000020203000002
00000000000000000022000002000000000000000000000000
00000000000400000000000000000000010000000000000000
00040000000000040030000000000000000003000000000300
00000000000000000000000000000000000000000000000000
00000000000000000000000000000000000004000000000000
30000000000000000000000000040100000000020000000300
0001000000000000000000000000000000000004000030J000
00000000000000000000000000000000000000000000000000
40000003000004000000000030000000000000001000000010
04000000000000030000000000040000300600000000300000
00020004000000000000000000000000000000000000001000
00310000700000000000000000000F00010000000000000300
40000070200000000000000000G00000001000000300000000
04400000402000000000000000000000300000000000000000
30000002000000000000300000000000000000000002000000
97768838397475946788982259344564434004009918882136
