00000000000000030000000000000000000000000020000000
E0000000000000000000000000000000000000000000000000
00000000000004000000000000000000000000000000000000
0000000000000000000000H000000000000000000000000000
00000000000000400000000000G00000000000000000000000
00000000000000000000000000000000000000000000000000
0000000000000000000000000000023000000F000000000000
04000000000000000000000000000000000000000000000000
000C00K0001000000000000000000000000000000000004000
00000000000000000000000000000000030000000000000000
00000000001000000000000000000000000000000000000000
000000000000000000000B00000000D00000000000000H0000
00000000000000000000000000000000000000000000000000
00000000000000000000000000000000010000000000000000
00000000000000000000000002000000000000000000000000
00000000000000000000000000000000000000000000000000
00000000000000000000000000000000030000000000F00002
00000000000000000000000000000000010000000000000000
13010000000000030000000000000000000000000000000001
00000000000000000000000000000000230000000000000000
00000000000000000000000000000000020004000000000000
00F00000000000000000000000000000000000003000000100
010000000000000000000000000000000000000000G0000000
00000000000000000000000000000000000000000000000000
000000000E0000200000000000000000010000000000000000
00014000000000000000000000400000000000000000000000
00000000000000000000000000000000000000000000000000
00002000000000000000000000003000000000000000000000
00000000000000000000000002000000000000000000000L00
00000040000000000000000023000000000000000000000000
00000000000000000000000000000000010000000000000D00
00400000000400000000000000000000000000000000000000
00000000000000000000000000000000000000000000000000
0000000000000000000G000000000000000000000000000000
00000000000000000000000000000000400000000000000000
00003000000000000000000000000000000000000000000300
00000000000400000000000000000000000000000000000010
00002000000000000001000000000000000000000000000000
00000000000000000000000000000000000000000000000000
0000000000000000000000000000000000000000000000B000
00000000000000000000000000000000000000000000000000
00000000000000000000000000000000000000000000000000
3000000E000000000000000000000000000000000000004000
00000000000000000000000000000040000000000000000000
00000000002300010000000000000000000000G00000000000
00000000000000000000000000000000000000000000020000
00000000000000000000000I00000000000000000000000000
00000000000000000000000000000000000000000000000000
00000000000000000000000000000000000000000000000000
99888879599675988888998399785677549395609918889636
