00000000000000000000000000000000000000000000000000
00000000000000000000000000000000000000000000000000
000000000000000000010000000000020000100B0000000000
000000200000000000030C0000000000001000000000000000
00001010000000000000000000000000000001000000000000
00200000000000000000000000000000000000000000003000
000000000000000000000I0000000100000000000000000000
000000000000000000000000000000000F0000000000000000
00000000F00000200200000000000000000000000000000000
00000000000000000000000000000000000000000000000000
00A00000000200000000000000000000000000000000300000
00000000000000000000000001000000100001000000000000
00000000000000000000000000000000000000000000000002
00000000000000000100000000200000000000000030000010
00000000000000000000000000000000000000000000000000
00200C00000100004000000000000000000000000000000000
00000000000000B00000000004045000000000000000000000
0000000000000000000000000000000000F000000000006000
00300000000000000020040000000000000000000020010000
00000001000000000000000330000000000000000100000000
00000000000000030004000000000000000200003000000000
00030000000330000000000000000000000000000000000000
C00000300002000000H0000000030000000000003000000003
02110000002000000000000000000000000000020000000004
00002000000000000000000000000000000000000000000000
00000000000000000000000000000000010400040000000000
00000000000000000000000000000000000000000000000001
F0020000000300000000000000000000000000000000000000
00000000000000000000000000000000000000000000000000
0000000000000000000000000000000000000100000000C000
00000000000000000000000000000000000000000000000000
70000000000000000000000000000000000000000000000000
00000000000000000000000000000000000000000000000000
00000000000000E00003000000000000000000000002000000
000000000002000000000000000000004000000000E0000000
00000000000000000000000000000000000000000000000000
00000000000000000000000000000002000000000000000000
00000000000000000000000000030000000000000000300000
00000004000000000000000000000000000000000000000000
0000000000000E000100100000000000000000000000000000
00010000000000000000000001000000004000000000000000
20000000000000000000000000000000000000000000000000
00000000000000000000000000000000000000000000000003
04000000000000000000000000000000000000000000000000
00020004000000000000000040000000000000000000000000
00010000700000000000000000000000000000000000000000
00000020000000000004000000000000000100000003000000
00000000000000000000000000000010000000000000000000
00000000000000000000000000000400000000000000000G00
77768838397475646785982229344563334004008918880136
