00000000000000000004010100100000000400000000000000
00000000000000000200002020100000B00000000000000000
000000A0000000100000000001000000000000300000000000
00000000040000000000010070190000000000000000000000
00000000000000000000001110201000000200000000000000
00000000000000000000100404002000000000000000000000
00000000000000000000000000020000010000000000000000
3000400000000000000002000000000000000A000000000000
000000030000000000000000001000A0000000000000000000
00000000000000000000000000000000000000000000000000
0000003400000000000300000000000000000000000000B000
00000000000002000000004000000300000000000000000000
000000000000000000000000200000000000C0000000000400
00020400004000000000000100000020030000000000030000
00000000000000000000000000010400000000000000000000
00000000000000000000000000002000000020000000000000
240013300310000000000D0000000030003000000200000000
000006000000000000000000000000000000000000A0001000
00020004000000000040000000000000000400300000000000
00303000003040000000000000000000010000000000000000
00200000420001030000400000000004000000520300000000
00400003240000000200000000000000000001100000000200
00000001010000000000000000000000000000000000200000
00000000000000020000000000000200000001000000000000
00000220000000000000000000000000000000000000000000
00020003000400300000000000000000000000000000000000
20000000010000210000000000000400000000000400000000
00010010050000000000000000000000000200000000000000
00004000300010000000000000000000000000010000000000
00300322000000300000000000000300000000000000000000
00000000000000000000000000000000000000000000000000
00000000000000000000000000000000000000000000000000
01000300200000000000000000003000000000000000000000
00000000000000000000000000000000000000000000000000
00000050000000000000000000000002000000200000000000
00000100003001030020000000000000000000000000000000
300000303120000000200000003000000300000A0000000000
00000000040000100000000000100004000200400000000000
00000000000000000000200000000000000000000000000000
00000000000200000000000000000000000003000000000600
A000002000000000000000000020200000001000000000400A
00100000000000010000000000000000000040080000000200
00000000100000000400000000000000000000000040000001
0A003000000000000100000010000000000040001000000010
00003000000000000000000000000000000000000176100008
00400000010000000000000000000000000000000040401000
52400000000000000000000000000402063100004014020000
00000000004000000000000000000000000001000050330000
004000000B0000000300000020000000000101408144000000
02625500082100114110101407004101320030140010000000
