00000000000000000000000000000000000000000000000000
0000000000000000000C000000000000000000000000000000
00000000000000000000000000000000000000000000000001
00000000007000000000000000000000001000000000000040
00000002000000000000000000000000000000010000000000
00000000000402002000003000000000000000000000000000
00000000000000000000000000000000000000000400000000
00000000000000300000000000000000000000000000000000
00000000000000000000000000000000000000000000000000
0000000000000000000000000000000F000000000000000020
00000000000000000000001000000000000000033000300400
000000000000B0000000030000000H00000001300000000000
300000000E0000000000000F00000000000000010000040002
000000000000C0000000000000000000000000000030000010
00000000000000000000000000000020000000000000004000
0000000000000000000000000C000000000000000000000000
00000000000000000000000004005000000000000000020000
001000000000000000000E0000000000000000000000406000
000000000000000000000000000000000000000040200E0000
00000000000040000000000310000000000000000105000000
0000000000000000000G000002000000000200103000000002
00030000000030000000000000000000000000004000000000
003000000E000000000B000000000000000000003000000000
0000C000002000000000000000030000000000020000000000
00000000000000000000000000010000000000000000000000
0000000000000000E00000000000000C004400000000000000
00000000000000000000000100000000000000000000000000
00020000000000000000000000002000000000000000000000
000000000000000000000000000000000000000C0000000000
00000000000000000000000000010000100000000000000000
00000000000000000000000000000000040000000000000004
70000000000000000000000000000000000000000000000000
00000000200000000000400010100000000000000000000000
02000400000000000000000000000000000000100000000000
04000000000000000000000000000000J00000000000000000
02000000000000000000000000000000000000000000000000
000000000000000000F0000000000002000000000000000000
00100000000000000000000000030010000000000000000000
00000000000000000000000000000000000002000000000000
00000000000000100100000000004000000000000000000000
00010000000000000000000001020000005002000000000000
200000000400C00000000000000000000100000000F0000000
00000000000000000000000000000000000200000000000003
04000000000000000000000000000100000000000000000000
00020004000000000000000040000000000000000000000000
00010000700000000000000000000000000000000000000000
00000020200000100004000001000001000100040300000000
00000000002000000000000000002010000000000000000000
30000000000020000000000000000400000000000000000000
77768838397475646785982259344563434004008918880136
