00000000400000000000000000110000000402040001210011
004000000000000000000A0010100000030000504231011100
00200000000000000000511001000000000000400141031111
00000000000000000010010070090000000000001101000400
00003000000010000020101110101000000000010020012000
000000000000000000A0000400002000000000000000241100
00000000000000000000100000020000000000000001011010
00000000000000000001200000D00000000000000001110122
00000000000000300000000000000000000000000001201100
0000000B000000000000020000000000000001000400100400
00000000000000001100100000000100000000000011411101
0000000000000000A650000000000300000000000110001103
00000000001000000000300000000000000000000002000130
00000000000000000000100000000000000000000105010301
00000000000000000000000000000000010000020000000014
00000000001000000000000000000000103000000003200000
2400000003100000A000002000000000000000300004000A00
000000000000000000000000A0000000002000000000100101
00000004004000000000000000000000000000000000001130
0000000000000000000000000000000000000001000000A400
0000000000000000000000000000A034000000520000001001
00400000200000000000000000000000000001100100000101
00000000000000000000000000000000000000000000001002
0000000000000000000A000000000000000001000000001110
000000200000000000000000000000000000A0000110000000
00000003000400000000000000000000000000000024001002
00000000000000000000000000000000000000000000000111
00000000000000000004000000000000000000000000100004
00001000000000000000000000000000000000200003000000
00000000000003000000000400000000000100000000000A00
00000000000001000000000000000001000000000000000000
000000000000020000000000000000000203A0000030000000
00000000200000000000000000000000000000000000000000
00000000001000000300000000400000000000000000000000
00000050000000000021000000000000000000000000000000
00000000000000000000000000000000000000000000000000
30030000000000000000000000000000000000000000000000
00000004000000000000004000000000000000000000000000
00000004000000000000000000000000000000000000000400
01000000000400000000000000000000000000000000002400
00000020000000000000000000000000000000000000004000
00000000003000100000000000000000000000000000000200
00000000000000000000000002000000000000000000000000
000C3000000000000000000000000000000000001000000000
00003000000000000000000000000000000000000070100008
00000000000000000000000000000000000000000020000000
A0000000000000000000000000000002030000004004020000
00000000300000000000000000000000000001000000030000
00000000000020000000000000000000000101408044000000
02415500080100114110101400000101120030140010000000
