00000000000000000000000000000000000000000000000000
00000000000000000000000000000000000000000000000000
G0E00000000010F00000000000000000000000030000000000
00000000000000000001000000000000000000000000004000
00000000000000000000000000000000000000000000000000
00000000000000000000000000000000000001000000000000
00E00000000000000000000000000000000000000000000000
0000B004000000000000000000000000000000000100000000
00000000000400000000000000000000000000000001000000
00000000000000000000000000000000200000000000000000
00000000000000000000000000000000000000000000000000
00000000000000000000000000000000000000000000000000
00000000000404000000000000000000000000000000000000
0000000000000000000000000000000000000000F000000000
00000000000000000000000000000000000000000000000000
00000000000000000000000000000000000000400000000001
000F0000000000000000000000000000000001000000200000
00000000000000000000000000000000000000000000000000
00000000000002000000000000000000000000000000010000
00000000000000000000000000000000000000000300000000
00000000000000000000000000000004000000000100000000
00000000000000000000000000000000000000000000000000
000000000000000C0000400000000000000000000000000000
00000000000000000000000000000040000000000001000000
00000000000000000000000000000000000000040000000000
A0000000000002000000000000000000000000000000000000
00000000000000004000000000000000000000100000000000
00000000000000000000000000000300000000000000000000
00000000000010000000000000000000000000000000000000
000000000000000000000000000000000000000000000000D0
00000000000000000000000010000000000000000000000000
00400000000000000000000000040003000000000000000000
00000000000000000000000000000000000A00000000000100
00000000F00000000000000000000030000000000000000000
00004000000000000000000000000010000000000000000000
00000000000000000000000000000000000000000000000000
00000000000000000000000000000000000000000000000000
B0100000000000000000000000000000000000000000000000
00000000000E00000000000000000000000000000000000004
600000E0000000000000000000000000000000000000000404
00010000000000000000000001000000000000000000000020
50000000000000000004020000000000000000000000001000
400000000000040000000000000G00000000000E0000003401
04000020000001030040000000000000030000000000000000
00020000000J00040000000020I00000000000000000000002
00360002700000000200000000B00000000000000000000000
400000702000030000000000000000000000B0000000000000
0540400140560000000000100000G000000000000000000102
3000000200001000000000000000000000000B000000000000
97768838397475946888982299344564434004009918882136
