20000000020001000000000000000000000000000001200000
00000000000000200000000200000000000300000000000000
20010000000200000000020300000000000000000000000000
21200010000000000200000004000000000000000000000000
00040000000004200000000000000000000000000000000000
01002000000100000000000000000100000000000000000000
20040010000040000000000000000000000000000000000000
00000000000000040000020C00000000000000000000000000
00000000002032300410000000000000000100001000403000
01000300200003400000100000000000000000000000000000
00000420000000000000000000000000000000000000000000
00000000070040100000000000000000030000000000000000
0100100300001000A000000000000000000000000000000000
00410000000010100000000000000000000000000000000000
0200000003000000000000000000000000000600000000E000
00400000000200000000000000000000000000030000000000
00002000000000000F00000000000000000000000000000000
00040400000000000000000000000000000000000000000000
000000100E00F00B0000000000000000000000000000000000
00000000000000000000020000000000000000000000000000
00000000000000000000000000000000000000000000000000
02000000000100000000000000000000000000000000000000
0E000000000000000000000000000000000000000000000000
00000000000000000000000000000000000000000000000000
00000000002000000000000003000000000000000000000000
00000000000000000000000002000000000000000000000000
00040000000000000000000000000000000000000000000000
00000000000000000000000000000000000000000B00000A00
00000000000000000000A00000000000000000000000000000
00430000000000000000002000000000000000000000000000
00000000000000000000000000000000000000000000000000
0000A00000000000000000000000000C000000000000000000
00000000000000000000000000000000000000000000000000
20000000000000000300000000000000000000000000000000
00000000000000000000000000000000000000000000000030
000310000000000000000000000000000000G00000E00000C0
01000000000000000000000000000000000000000000000000
03000000000000000000000000000000000000000000000084
00000100030000000000000000000000B00000000000000234
02000000000000000030000000000000000000000400000000
21000003000000000000000000000000002000007000000002
1000004000000010300000000000000B000000200000053000
00000000000000000000000000000000000000C00000240222
40000300300005000000000000003000000BA000C013010203
00002000000001000000000000000000000000000000410305
04000000000200000000200000000000000000030000304000
00000000002100000000000000000000000000050004006000
0020000000020000000000000000000000000000B000016300
04002404000020000000000000000E00000000000001002330
77668807087265626743972117044560314000004218770104
