00001000000000001000000000000000000000000000000040
10002000000004004040000000000000000000000000200040
040000000110000000000000000200002000E0000000050000
00001040000000000200000000000000000000000000000000
00200100000010010070000000000000000000000000000000
00000000000302000000000000000000000000000000000020
00300002000000000000000000000000000000000000000000
00000100000030004000000000000000000000000000000000
0001402000003200000000000000000E000000100000000000
30000000000000000000000000000000000010000000000200
00600003000000000000000000000000000000000004000000
00000000000000000000000000400000000400000000000000
00220000000000000200000000003000000000000000000000
00000000300000400000000000000000000000000000000010
00000000000000000000000000000000000000000010000000
10000000000001000000040000000020000000000000030000
040000320000000000B0000000000000000000000000000000
00002000000000000000000B00020000000000000000400010
000800300000200E0004000000000045001000000000000000
00000034000000000000000000000000000000000000003000
000000000C0000000000001030000000000000000000000000
00420030000000000000000000000000000000000000000300
01000200000000000000000440000000000000000000030300
00000000000000000000000000000120000000400000000004
00001000000000000000000000000300000000300000000004
10100000000000000000000000004000000000000000000000
00000000200000D00000A00000000010304000030000000000
00000000000000000000000200200403000000000000000000
00001000000000000000000000000000000000000010000000
03000000203000000000B00000000003000000000010020000
00300000000000000000000003000000000000000030000000
0000000000A00000000000000000000000B000300000001030
00300000000000040000000000040000000000000500000000
00000000000000000002000000000000000000000030000000
00300000000020000000000000000000000000000000000000
0030000030000000B000000001000000000000200000430000
0010300002200000000000001000000000000000200000000C
22200000000000000000000000000000000000100000000000
00000000304100000000000000000000000000000000000000
01401100000000002000000000000000000040000000200000
00003000000030000000000000000000000000000000000000
00030100104000000000000002000000000000200000200000
00000000000000000000000000000000000000020000000000
00000000000000000000000000503000000B00200000000000
00000000100000000000000000000000000000000000000000
000000000000000000000000000000000000001000B0000000
000000000000000000000200030043040334C0004000000000
00102100002000000000000000000000044000000000000000
00000100000000000010200000000000000000002004000000
35648504087134116410102007000504452100540010440100
