00500000000000004000000000000000000000002000000000
00030000000000000004000000000000000000300000000000
00000000000300000000000000000000104000000000000200
00000000200000000000000000000000001000000000000030
00000002000000000000000000000000100000000020000000
00000000000000000200000000000000000000000000000000
00000000000000000000000000000020000000001000000000
00200000000000000000000000000000000000000000000000
00000000030000000000000000000000000000400H00000000
00000000002000000000000000000000000100000000000000
00000000400000000000000000000000000000000000000000
00000000000000000000000000000000000000000000000000
300043000000001000000000200000000J0000000003000000
00000500000000000000000000000000000040000000000000
04000200000000004000I00000000000000000000000000000
00000000000000000000000000000000000000000000000G00
00000000300000000000000000000000000000000000000000
000000000000000000000000000020000000300000000H0000
00000000000000000004004000000000000002000000000000
00000000001300000000010500000000000000000000000H00
00000000000000000000000020000000000000143000000000
00000000000000000000000000000000000000000000000000
0000000000000000000000100020000000000010000100G000
00000000000000002000000000000000000000000000000000
00000000000000000000000000000000000000000000000000
00000000000000000000000000000000000000000000000000
00020000000000000000000000000000000000000000000000
0000000000E000000000000000000000000002000000000000
00000000000000000F00000000000000030000000000000000
00000000000000000000000000000000000000030000000000
00000000000000000000000000000000000001000000000004
0000000F000000000000000000000000000100000000000000
00000000000000000000000000000000000000000000000000
00000000000000000000000000000000000000020003000000
000000000G000000002200000000000000000000000B000000
00000000000000000000000000000000010000000000200000
0004000000000002F000000000000000000000000300000000
0000000F0000000000000000000000000000000G0000000000
00000000000000000000000000000000000004000004000000
30000000000000000000000000000000000000000000000300
0000000000000000000000000000000000000000000J002000
00000000000000000000000000000000000000000000000000
40000000000000000000000030000000000000001000000000
04000000000000000000000000000000000000000000300000
00020004000000000000000000000000000000000000000000
0001000070001J000000000000000100010000000000000000
40000070200000000000000000000000001000000300000000
04000000402000000000000000000000300G00000G00000000
30000000000000000000000000000000000000000002000000
77768838397475646785982259344564434004009918882136
