0000100000000000000001000000000003040E00B001000000
10002000000004000000000000030300028000000000000000
04000000001000000000000000050000000020200000C00A00
000010000000000000000000000000000400100000C00F0000
00200000000000000030000000000000003000000E00000000
00000000000302000000000000000000A00000000000000000
00300002000000000000000000000000000000000000000000
000000000000300040000000040000B0000000000000000000
00014000000002000000000000000000000000000000000000
00000000000000000000000000000000000000000000000000
00600003000000000000000000000000000000000000000000
00000000010000000000000000000000000A00A00000000000
00220000010400000000000000000000200000000000000000
00000000000000000000000000000000000100000000000000
000000000000000000000000000000000000B0000000000000
1000000000A0000B000004030000A0000000000000000000B0
04000032000000000000000000000000000000000000000000
00002000000000000000000000000000000000000000400000
00080030000000000000000000000000000000000000000000
0000003400000000000B000000000000000000000000003000
00000000000000000000000000000000000000000000000000
00420000000400000000A00000000000000000000000000000
0000020000000000B00A000000000000000000000000020000
00000000000000000000000000000000000000400000000000
00001000000000000000000000000000000000000000000000
00000000000300000000000000000000000000000000000000
00000000000000000000000000000000000000000000000000
0000000000000000000000000020000000000000000A000000
00000000000000000400000000000000000000000000D00000
030000000000000000000000000000000000000000100AA000
00000000000000000000000000000000000000000000000000
00000000000000000000000000000000000012000000000000
00000003000000040000000000000000000000000000000000
00000000000000000002000000000000000000000000000000
00000000000000000000000000000000000100000000000D00
00000000000000000000000000000000000000200000000000
00000000020000000000000000000000000000002000000020
00000000000000000000000000000000000000000000000000
00000000004000000000D00000000000000000000000000000
01400100000000000000000000000000000000000000200000
0000000000000000000040D000000000000000000000002003
0003010000400000000000000000000000000020000000C001
00000000000000000000000000000000000020000000000000
00000000000000000000000C0000D000000300000000000000
00000000000000000000000000000000000000000000000000
00000000000000000000000000000000000000000000000000
00000000000000000000020003000300003002000000000102
00100100000000000000000000000000000000000000004024
00000100000000000010000000000000000000000004000000
35646504086134116410101007000504352100340010400104
