00000000020000000000000000000000000010000001200000
00000000000000000004000000000000000304000000000100
00000000000000000003020000000000000000020000000000
00000000000000000200000000000000000000000000000000
00000000000000000000000000030000000000000000000000
00000000000000000000000000000000000000020000004030
00000200000000000000000000000000000000000000000000
00000000000000000000000000000000100000000000000000
000000000000040004000000A0000000000000000000403000
20000000000001000000000000000000000000000000000400
01000000000000000000000001000000000000000000000000
00000000000000000000000000000000000000000000000000
0000000000000000000A00300000010000000000A000000000
00000000000000000000000000000000000000000000D00000
00000000000000200000000000000000000000200000000000
00000000000000000000000000000000000000000000000004
00000000000000000000000004000000000300020000000100
00000000000000000000000000000000000000000000000000
000000300000000000000000000000000B0000000000000000
00000000000000000000000000000000000000000000010000
00400000000000000000000300000000000000000000000000
00400000000000000000000000000110000000000000010014
00000000000000000000000400000000000000020000003000
00004000003000000000000000000000000000000000000000
00000000000000000000020000000000000000000000000000
00000000000000000000000400000000000000000000000000
00000000000000000000003000000003000000000000000000
00002000000000000003000000000000000001000000000000
04300000000400000000000000000000000000000000000000
00010000000001000000020000000000000000000000000000
10000000000000000000000000000000000000000001000000
00010004000000000000000000000000000000000000201000
00000040000003000000000000000200000004000000000000
20000000000004000000000000000400000000040004000300
00000000000000000000000000000000020010000000300000
00031200000000004000000030000003000000000000000000
03000000001000000000000000000000000000000000000400
03000000000000000000000004000000000000000000000002
00000100430200A40000400020000000300000000000000000
02400000000000000000000000000000000000000000000000
210000070000300000000000000000000000000A0000000000
13000040000000000000000000000000000000000000000000
00100000010004000000000000000020000000000000000000
40000330300000000000000000000000000000000000000000
00002003000001301100000000001000010400000000D00000
04000200400200000000000001000000000000000000000104
00000100002104000000000000000020000000000003000000
00200000000200000400000A04010000001000000000000000
04002404000020000400000000020000000000000000000000
77668807397265626743972117044560314000004218770104
