00900000000000004000000000000000000000002000000000
04030000000000000004000000000000000000300000000000
00000000000300000000000000000000104000000000000200
00000000200000000000010000000000001000000000000030
00000002000000000000000000000000140000000020000000
00000000000000000200000000000000040000000000000000
00000000000000000000000000000020000000001000000000
00200000000000010000000000000000000000000000000000
00000000030000000000000000000000000000400002000000
00000000002000000000000000000000000100000000000000
00000000400000000000000000000000000000000000010000
00000000000000000000000I00000000000000000000000000
300043000000001000000000200000000000H0000003000000
00000500000000000000000000000000000040000000000000
0400020000000000400000000000000000000000000H000000
00000000000040000000000000000000000000000000000000
30000030300100000000000000000000000000000000000000
00000000000000000000000000002000030030000000000000
00000300002000000004004000000000000002000000000000
00200000001300000000010500000000000000000000000000
00000000000000000000000020000000000000143000000000
0000000000000000000000000000000000000000000004G000
0000000000000000000000100020000000000010000000000H
00000000000000002000000000000000000000000000000000
00000100000000000000000000000000000000000000000000
00000000000000000000000000000000040000000000000000
04020000000000000000000000000000040000000000100000
00000000000000000000000000000000000002000000000000
00000000000000000000000001000000030000000000000000
40000000000000000000004000000000000000030000000000
00000000000000000000000000000000000001000000000004
00000000000000000000000000000000000100000000000000
00000000000000002000000000000000000000000B00000000
00000000000000000000000000000000000000020003000002
00000000000000000022000000000000000000000000000000
00000000000400000000000000000000010000000000200000
00040000000000040000000000000000000000000000000000
00000D0000000000000000000000000000000000J000000000
00000000000000000000000000000000000004000006000000
30000000000000000000000000000000000000000000000300
00010000000000000000000000000000000000000000003000
00000000000000000000000000000000000000000000000000
40000000000004000000000030000000000000001000000010
04000000000000030000000000000000000600000000300000
00020004000000000000000000000000000000000000000000
00010000700000000000000000000100010000000000000000
40000070200000000000000000000000001000000300000000
04400000402J0000000000000000000G300000000000000000
30000002000000000000300000000000000000000002000000
77768838397475946788982259344564434004009918882136
