00000000000000000000000000000000000400000010000000
00000000030000000000000000000000000000000000040000
00000000000000000000000000020000000010220000000001
00000000000000000000020000000000000000000000000004
00000000000000000000003000000000003000000000000000
00000000000000000000000000000000000020000000000000
00000000000000000000003000100000000000000000000000
00000000000000040000100000000020000001000000002000
00000000000000000000000030021000010000100000000000
00000000000000000000030000000002000000400000004000
00000000000000000000000000000000000060000000000030
000000000000000000B0000000300000000000000000000040
00000000000000002000000000003000000300000000004002
00000000000000000000000104000002005430000000000200
00000000000000000000000000001400012000000000200001
00000000000000000000000000020080000000000020000000
0400000D000000000000000000000003000002402000003000
00000000000000000000003000000003000040000004000300
00000000000000000020000000100000000000000000401000
00000000000000000000000002000000030000000303024000
00000000000000000000000000000300000003020300100004
00000000000000000000000000000000002000002040000223
00000000000000000000000000000000040003000000200001
00000000000000000000000000000000003030000400000020
00A00000000000000000000000030000000000000000100030
00000000000000000000010000000004040000072000041000
00000000000000000A00000000040000050000000340000000
0C020000020000000020000000100000000000030000200000
00000000000000100000000000000000000000000000000032
00000000000000000000000000000000001000010000000000
00000000000000000000000002000000003000000000000000
04001000000000000000301000000000000000400030000000
03000040000030300000000000000000030000322030030000
20000001010040000000000040003020302004000030004030
00000000400000000000600000000000000000010010000003
001000000020000000001000004040000000E0100000020000
00000000020000000020000002000000000000000000001000
00000002000200000000000000000100000000000000000000
00004010000000000000200000000400000000000000000000
00000001000000300000000000000320000000000000004021
04010003030000030003000000000001000000000000000000
00000000000000030000000300000100000000000000004000
00000003000000000000000100000000000000000000000001
000200000030000004000000000000000000000000A0000001
00000000000000001001000000000000000000000000001008
00001000000000030000000B00000000000000000000000000
20000000004002000000000000000000000000000003000000
00000300030000000003000000000000000000000000000000
000004000200000000000B0000000000000000000000000000
05625500086104114410101007000501330100340010000100
