20000000020021000000000000000000000010000001200000
00000000000000200000000200000000000300000000000000
20010000000300000000020300000000000000000000000000
21200010000000000200000004000000000000000000000000
00040000000004200000000000000040000000000000000000
01002000000100000000000000000500000000000000000000
20040010000040000000000C00000000000000000000000000
00000000000000040000000000000000000000000000000000
00003000002032300410000000000000000100001000403000
01000540200003400000100000000000000000000000000400
000004240F0000400000000000000000000000000000000000
00100000000040A00000000000000000050000000000000000
01001003000000000000000000000000000000100000000000
00410000000000100000000000000000000000000000000000
02000000030000000000000000000000000006000000000000
00400000003000000000000000003000000000030000000000
0003200000000E000000000000000000000000000000000000
04040400000000000000000000000000000000000000000000
00000010000400000000000000000003000000000000000000
00000000010000000000020000000000000000000000000000
00400000000000000000200000000002000000000000000000
020000E0000100000000000000000000000000000000000000
00000000001000000000000000000000000000000000000000
10000000000000000000000000000000000000000000000000
00000000002000000000000003000000000000000000000000
00000000000000000000000302000000000000000000000040
00040000000000000000000000000003000000000000000000
00000000000000000000000000000000000000000000100000
00000000000000000000000000000000000000000000000002
00430000000000002000000000000000000000000000000000
0000000000000000000000000000000000000100000000000C
00000000000000000000000000000000000000001000000000
00000000000000000000000000000000000000000000000000
200000000000000003000000000000B0000000000000000000
00000000000000000003000000000000000000000000000010
00031200000300000000000000000000000000000000000000
01000000001000000000000000000000000000000000000000
03000000000000001000000000000000000000000000000084
00000100430200003000000000000000003000000000000234
02000000000000000033000100000000000000000400000000
2100000700003000000000000000000000A000000000000002
10000040000000103000000000000300000000000000053000
00100000000000000000000000000000000000000A00240222
4000030030000500000000000000300000000000B003010203
00002000000001000000000000000000000000000000410305
04000000000200000000200000000000000000000030B04000
00000100002100000000000000000004000100D03000006000
00200000000200000000000000000000000000000000016300
04002404000020000300000000000000000000C00001002330
77668807397265626743972117044560314000004218770104
