00000010040000004000001001000000000000000000000000
030000000000000000000000000000000000003000000A0000
00000000000000000000000000000000000002000000450000
00000000000000000000000000000000000000000000000000
000000000000000000000CA000000000000000000000000000
00000000000000000000000000000000000000000000000000
000000000D00000000000000000000000000000000004C0000
0A000000000000000000000000000000000000000000000000
00000000000000000000000000000000000004000000000000
0000000000000000000000200B000040000000000000000000
00004000000000000000000000000004000000000000000000
00000000000000000000400000000000010003000000100000
00000000000040000000000000000000200000000000000030
00004000000000000000000000000000000000000000000010
00000000000000000000000000000000000000000000000000
00000000000000000000000000000000000000000000000000
00000004000000000000300000000000000000000000000000
00000102000000000000000000000000000000000000000000
0000000000000000F0033000000000000000000A0000000000
00000000000000000000000000000030040000000000000000
0000000000B00000000000000000C00000001000000C0000A0
00000000000030000000000000000000000000000000000000
03000000000000000000000000000000000000000000030000
0000000000000000000000000000000002000000000000000A
00000000000000000000000000000000000000000000000000
00000000000000000000000000000000000000000000000000
00000000000000000004000000A00000300000000200000000
00000000100000000000000000040000002000000000000000
00000000000000000300000000000000000000000000000000
00004000000000000000000000000000000003000000000000
00000000000000000000000000000000000001030000000000
000000000000000400000000000000000000000000000A0000
00000000004000000000000000200001000010000000000000
00000000000000000000000000040000000000000000000000
00000000000000000000000000000000000000000000000000
00000000000000000000000000000000000000000000000000
000000000000000100000000000000000000000000000000B0
0000000000000000000000000C000000000000000000000000
00000000000003000000000000000000000000000000000000
00000000000000000000000000000000000000000000000000
00400000000000000000000000000000000000000000000000
00000000000000000000000000040000000000000100000001
0000000000000000A000000000000000000000000000000000
03000000000000000000000000000000040000000000000000
0000000000000000000000000000000000000000000A000000
00000000000000060000000000000000000000000000000000
10000000000000000000004000000000000003000000000000
00000000000000000040000000000A00000000000000000000
00000000000000000000000000000000000000000000000000
55668504087134516410132007000500000000000210440100
