04200300000E00000010000000000000000000100400000000
000F0000000000000000000000000000000000000000000000
0000000A000000000000000000000000000001000000000000
00000000000000000000000000010010000000000000000000
00000000000000000020000G0000000000000000020000000C
00000000000000000000000030000000003000000000000000
00000000000000000000000000000000000000000000300000
000000000000000C0000000000000000000000000000000000
00000200000000000000000000000000000000000000000000
0000000000C000000000000040000000000000000000000000
000000000000000I000000000000000000000400000I000000
00000000000H00000000000000000000000000000000000000
00000000000000000000000000000000000000100000000000
000000000000000000000000D000000D000020000000000000
00000000000000000000000000000000000000000000000000
00000004000000000000000000000000000000000000000I00
00000000000000000000000000000000300000000000001000
00000000000000000000000000000000000000000000000000
00000002000000000020000000000000000000000000000000
00000000000000000001000000000000500000000000000000
00000000000000000002000000000000000000000000000000
00000004000000000000000300000000000400000000000000
0000000000000000000000000000E000004000000000000000
0000000002002000000000000000I000003000000002000000
00000000000000200000000000000000000000004000000000
02000000000000000000000000000030000000003000000000
10000000000000000000000000000000000000000000000010
00000000000000000040000000000000000000000000000000
00000000000004000000000000000400000000000000000000
00000030000000000000004000000000000000000000000000
00004000000000040000000000000000000000000000000004
00000100000000000000000000000000000000000000000030
00000000000000000000002200000000000000000000000300
00000020000000000000000000000000340000000003000000
00000000000000000000000000000000000000000000000107
00000000000010000000000000000000000040000300000000
00000000000000000000000000000020000000000000000020
00000001000000000000000000000400002000000000000000
00000040000000000000000000000000000020000004000000
0000000000400000H000000000002000000000000000000000
00000000000000000000000000000000000000000000000000
00000000000000000000000000002000000000000000000020
000000000000000000000040000000000002000000H0000000
40000000000000000024000000000000000000000000000000
00000000000000200000010001000000004000000000000000
00000000005000200000000000000000003000000000000000
00000000003000000000000000000000000000000000F00000
0000000000000000000200000000003200000000000000000L
00000000000000000400000000100000000000000000000000
97788839599475986888996399584667437304609918882436
