04200300000000000000000000000000000000100400000000
0000003000000E000000000000000000000000000000000000
00000000000000000000000000000000000000000000F00000
00000000000000000000300000010010000000000000000000
000000F00000000000000G0000000000000000000000000000
00000000000000000000000000000000003000000000000000
00000000000000000000000000000000000000000000300C00
00000000000000000000000000000000000000000000000000
0000020000000000C00000000000000000000000000I000000
00000000000000000000000040000000000000000000000000
000000000000000I000000000000000000000400000000I000
00000000000000000000000000000000000000000000000000
00000000000C00000000000000000000000000100000000000
000000000000000000000000000000B0000000000000000000
0000000000000000000000000F000000000000000000000000
00000000400000000000000000000000000000000000000000
00000000000000000000000000000000000000000000001000
000000000H0000000000000000000000000000000000000000
00000002000000000020000000000000000000000000000000
00000000000000000001000000000000500000000000000000
00000000000000000000000000000000000000000000000000
00000004000000000000000300000000000400000000000000
00000000000000000000000000000000004000000000000000
000000000200000000000000000E0300003000000002000000
000000000000002000000000000I0000000000004000000000
00000000000000000000000000300030000000000000000000
00000000000000000000000000000000000000000000000000
00000000000000000040000000000000000000000000000000
00000000000004000000000000000000000000000000000000
00000000000000000000004000000000000000000000000000
00004000000000040000000000000000000000000000000004
00000100000000000000000000000000000000000000000030
00000000000000000000002200000000000000000000000300
00000020000000000000000000000000340000000003000000
00000000000000000000000000000000000000000000000107
0000000000001000I000000000000000000040000300000000
00000000000000000000000000000020000000000000000020
00000001000000000000000000000400002000000000000000
00000040000000000000000000000000000000000004000000
00000000004000000000000000002000000000000000000000
00000000000000000000000000000000000000000000000000
0000000000000000H000000000002000000D00000000000020
00000000000000000000004000000000000200000020000000
40000000000000000024000000000000000000000000000000
00000000000000200000010001000000004000000000000000
00000000005000000000000000000000003000000000000000
00000000003000000000000000000000000000000000000000
000000000000000000020000000000300000000000000F0000
0000000000000000040000000000000000000000000000H00L
97788839599475986888996399584667437304609918882436
