00000000000000000000000000000000000000000000000000
00000000000000000000000000000000000000000000000000
00000000000000000001000000000000000010000000000000
0000002000000000000304000000000F0010000B0000000000
00000000000000000000000000000000000000000000D00000
0000000000000000000000000C000000000000000000003000
00000000000000000000000000000000000000000000000000
00000000000000000000I00000000000000000000000000000
00000000000000200200000000000000000000000000000000
00000000000000000000000000000000000000000000000000
000000000002000000000000000000000000000D0000300000
00000000000000000000000001000000100001000000000000
A000000F000000000000000000000000000000000000000002
00000000000000000100000000200000000000000030000010
00000000000000000000000000000000000000000000000000
0000000C000000004000000000000000000000000000000000
00000000000000300000000004045000000000000000000000
00000000000000000000000000000000000000000000006000
003000000000B00000200400000000000000000000200100D0
00000001000000000000000030000000000000000100000000
0000000000000003000400000000000000020F003000000000
00030000000330000000A00000000000000000000000000000
00000030000000000000000000030000000000003000000003
0211000000200000H000000000000000000000020000000004
C0002000000000000000000000000000000000000000000000
00000000000000000000000000000000010400040000000000
0000000000000000000000000000000000000000000C000001
F00200000003000D0000000000000000000000000000000000
000000000D0000000000000000000000000000000000000000
00000000000000000000000000000000000001000000004000
00000000000000000000000000000000000000000000000000
70000000000000000000000000000000000000000000000000
00000000000000000000E00000000000000000000000000000
000000000000000000030000000000000000000E0002000000
0000000000020000E000000000000000400000000000000000
00000000000000000000000000000000000000000000000000
00000000000000000000000000000000000000000000000000
00000000000000000000000000030000000000000000000000
00000004000000000000000000000000000000000000000000
0000000000000E000100000000000000000000000000000000
00010000000000000000000001000000004000000000000000
20000000000000000000000000000000000000000000000000
00000000000000000000000000000000000000000000000003
04000000000000000000000000000000000000000000000000
00020004000000000000000040000000000000000000000000
00010000700000000000000000000000000000000000000000
00000020000000000004000000000000000100000003000000
00000000000000000000000000000010000000000000000000
0000000000000000000000000000000000000000000000000G
77768838397275646785982229344563334004008918880136
