00440000000000000000000000000000000000000000000000
70000040000000400010000000000000000000000000000000
0300000000000000000000000000000000000000000E000000
04300000000000000C00000400000000000004000000000000
04000000000000000000000000000000000000000000000020
10000200000000000002000000000000000000000000000000
03000000000000000000000000000000000000004000000000
02000000000000000000000000000000000000000000000000
000000100000000000230000000001000C0000002000000000
00000000000000000000000001000200000000000330000000
00000000000000006000000000000000000300000000000010
00000000000000000000000000000000000000000003000000
00000000000000000000000000040001000000000000000000
00000000030000000000000000000000000000000000040000
00000400000000000040050400000000000000000000000000
00000000000000000000000000000000000000000000000000
00000000000000000000000000005000000000000000000000
00000000003000000000000000000000000000000000000000
00000H00000040000000300000000000000000000000000002
00000000000000000000000000000000000100000100000000
00000000000000110000000000000000000000000000004000
00030000000000000000000000000000000000000000000000
000000000C0000000000000000000000000000000000000000
00000000000400004000000001000000000000000000000000
20002020000000000002000000000000000000000A00000000
00000000000000000010000000000000030000000000000000
02000000000020022003000000000000000000000000000000
30000000000000000000000004001000000000000000000000
00000000000000000000000200000000000000000000004004
000000E0000000000000000003000300000000000000000000
01000000000000000000001001000000000400000000000000
40040000000000004004000000000006000000000000000002
00000000000000000000000000000000G00000000000004000
00000000400000000000000200000000000000000000200000
00000000000000000000000040000000000000000000000000
00000000000100000000000000000000000004000000000000
000000000000003000000000000000000000000000003004I3
00000000000000000000000000000000004000000002000000
00000000000000000020000000000000003003000000000000
00000000000000000400000000000000000000000000000004
000400000G0030000000000000000000000000000000000010
00000000000000000100000000000000020000001000100000
00000000000000000040000000000000003000000000000000
00000000000000000000000000000G00004000010000000000
000000000000000000000000E0020001000000000000000000
006000000000000000000C0000000043000000600000400000
00B00000310000000000000040000000000000000030000000
00000000000000000000000000000000000000000000000010
00000000000000000010000000000000000000F00000000400
77668808397275646785982219044560334004004618780134
