00000000000000000000000000000000003000000000000000
01200000000000000000000C00000000000400000000030000
04000000200000000000003000000000001020000000000000
00000000000000020000000000000000000000000003000000
50002000000000000000001000000000010004000030000000
00400002000000000000000000100000000002000000000000
00000400000000000000000000000000000000001000000000
04000000000000000000000000100000000000000000000004
00000000040003000000002200000000000000002000C00000
00010000000000000000000000000000000000000000000000
0000000000000000000000000000000F000000000000000000
0000000310000030000000000B000000000000000000000000
00000000000000000000000101000000000000000000000000
00000402000400004000000000000000000000000E00000000
00000010000000000000000000000000000000000000000000
00400000001000040000000000000000000000000000000000
03000000B00000010000000000000002000000000000000000
00000000000000000400000000000003000000000000000000
000000000004000000G0003031000000000000000000004200
440000D0000000000000000000000000000000000000000000
00000000000000000000000000000001000000000300020000
000000000000000003000000000400000000000G0000210000
00000000000000000000000000000000200000000000000004
00000000000000000000010000000000000000000000000000
00000000000000000000000000000000000000020000000030
00000003000003000000002000000000000000000000000000
00000000000000000000000000000000000000000000000H34
00000000000000000010001000004001000000000000000000
00000000000000000000000000000000000000000010000030
00200000000000000000003000000100000200000000000000
00000000000000000000000000000000000000000000002000
00000000000000000000000000000030000000000000000000
00000000000000000000000000000000400000000000000000
000000000010000000000000000000000000400I0000000001
00000000000000000000000000000000000000000000000000
00000000000000000000000000000000000000000000000000
00000000030300000000001000000020000000000000000000
00000000000000000000000300000000000004000000000000
00000000010000000000000000000010000000000000000000
00000000001000000000000000000000000000000000000000
0300100000000000000000000000000000030000000000F000
20000000000000000000000000000000000300000000000000
00000000000004000000000000000000000000000000000000
00000000000001002000000000000000000001400000000000
00000000000000000000002000000000000000020000000000
00000000004000000000000000000000034000000000000000
00000000000000000000000000000000000000031300000000
00000000000000000000000000000000003000000000000000
00000000000000000000000000000000000000000000000020
99788839599475986888996399785677449304609918882436
