0000C0000504000000000000000000A000000000000C000000
00000000010000000000004000000000000000000000000000
00000000040000000000000000000H00000000000000000000
0000000000H000000000000003000000001000000000000000
0000000000H000000000000000000000000000000000000000
0000000000000000D000000000200000000000000000000000
00000030000000000000000000000000000000000000000000
0000000000000000000000000000000000000F000000000000
00000000000000000000000000000000000000000000000000
00000000000000000000000000D00000000000000000000000
0J000000000000000000000000000000000000000000000000
00000000000000000000000000000000000000000000000200
00000000000000000000000000000000000000000000000000
000000000000000000000000400A0000000000000000000000
00000000000000000000000000040000000000000000000000
0000000000000000000000000004000000000000000000F000
00000F00000000000000000000000000000000000000000000
0000000000000000001000000400000000000000E000000000
00000000000000000000000030002000000000000000000000
00000000000000000000000000000000000000000000000000
00000000000100000000000000000000000000000000000000
00000000000000010000002000000000000000000000000000
00000000000000000000000000000000000000000000000003
000000000000000E00000000000000000000000000000000H0
00000000000000000000000000000000000000000000000000
0000000004000000000B00000000000000000000030000000G
00000000000000000000000000000000000000000000000000
00000000000000000000000000000000000000000000000000
00000000000000000000000000000000000000000000000000
00000000000000000010000000000000000000000000000000
00000000000000000000C00000000000000000000000000000
0000D00000000000000000000000000000000000000H000000
00000000000000000000000000000000000000000000000000
00000000000000000000000000000000000000000000000000
00000000000000020000000000000000000000000000000000
00000000000000000000000000D00000000000000000000000
00000000001000000000000000000000000000000000000000
0000003000000000000E000000000000000000000000000000
00000000000003000000000000000000000003000000000000
00000000000000000000000004000000000000000000000000
00000000000000000000000000000000000000000000000000
00004000000000000000000000200E00000000000000000000
00000000000000000000004000000000000000000000000000
00000000000000000000000000000000000000000000000000
000200000000000000000000000J0000000000000000000000
00000000000000000000000D00000003000000001000040000
0000000H00G000000000000000000000000000000000000000
0000000000D000000000000000000000000000000000000001
00000000000000000000000000000000000000000000000000
97788839597475986888992299584567437304609918882436
