20000000020001000000000000000000000010000001200000
00000000000000200000000200000000000300000000000000
20010000000200000000020300000000000000000000000000
21200010000000000200000004000000000000000000000000
00040000000004200000000000000040000000000000000000
0100200000010000000000000C000500000000000000000000
20040010000040000000000000000000000000000000000000
00000000000000040000020000000000000000000000000000
00000000002032300410000000000000000100001000403000
01000340200003400000100000000000000000000000000400
00000420000000000000000000000000000000000000000000
001000000700401A0000000000000000030000000000000000
01001003000010000000000000000000000000000000000000
00410000000010100000000000000000000000000000000000
02000000030000000000000000000000000006000000000000
00400000000E00000000000000000000000000030000000000
0000200000000000BF00000000000000000000000000000000
00040400F00000000000000000000000000000000000000000
00000010000000000000000000000000000000000000000000
00000000000000000000020000000000000000000000000000
0E000000000000000000000000000000000000000000000000
02000000000100000000000000000000000000000000000000
00000000000000000000000000000000000000000000000000
00000000000000000000000000000000000000000000000000
00000000002000000000000003000000000000000000000000
00000000000000000000000002000000000000000000000000
00040000000000000000000000000000000000000000000000
0000000000000000000000000000000000C000000000000000
00000000000000000000000000000000000000000000000000
00430000000000002000000000000000000000000000000000
00000000000000000000000A00000000000001000000000A00
000000D0000000000000000000000000000000000000000000
00000000000000000000000000000000000000000D00000000
2000000000000000030000000000003000G000000000000000
0000000000000000000000000000000000000000000000000C
00031000000000000000000000000000000000000000000000
01000000000000000000000000000000000000000000000000
03000000000000000000000000000000000000000000000084
0000010003000000000000000000000B000000000000000234
02000000000000000030000000000000000000000400000000
21000007000000000000000000000000002000A07000000002
10000040000000103000000000000000000000000000053000
0000000000000000000000000000000000000000A000240222
400003003000050000000000000030000000C0000013010203
0000200000000100000000000000000000B00000C000410305
04000000000200000000200000000000000B000B0000304000
00000000002100000000000000000D00000000050004006000
00200000000200000000000000000000000000000000016300
04002404000020000000000000000000000000E00001002330
77668807087265626743972117044560314000004218770104
