20000000020001000000000000000000000010000001200000
00000000000000200000000200000000000300000000000000
20010000000200000000020300000000000000000000000000
21200010000000000200000004000000000000000000000000
00040000000004200000000000000040000000000000000000
01002000000100000000000000000500000000000000000000
200400100000400000000000C0000000000000000000000000
00000000000000040000020000000000000000000000000000
00000000002032300410000000000000000100001000403000
01000340200003400000100000000000000000000000000400
00000420000000A00000000000000000000000000000000000
00100000070040100000000000000000030000000000000000
01001003000010000000000000000000000000000000000000
00410000000000100000000000000000000000000000000000
020000000300E0000B00000000000000000006000000000000
0040000F000000000F00000000000000000000030000000000
00002000000000000000000000000000000000000000000000
00040400000000000000000000000000000000000000000000
00000010000400000000000000000000000000000000000000
00000000000000000000020000000000000000000000000000
00000000000000000000000000000000000000000000000000
020E0000000100000000000000000000000000000000000000
00000000000000000000000000000000000000000000000000
00000000000000000000000000000000000000000000000000
00000000002000000000000003000000000000000000000000
00000000000000000000000002000000000000000000000000
0004000000000000000000000000000000C000000000000000
00000000000000000000000000000000000000000000000000
00000000000000000000000000000000000000000000000000
0043000000000000200000000A000000000000000000000000
000000000000000000000000000000000000010000000000A0
00000000000000000000000000000000000000000000000000
00000000000000000000000000000000000000000000000000
20000000000000000300000000000030000000000000000000
000000000000000000000000000000000000G000000000C000
00031000000000000000000000000000000000000000000000
01000000000000000000000000000000000000000000000000
03000000000000000000000000000000000000000000000084
00000100030000000000000000000000000000000000000234
02000000000000000030000000000000000000000400000000
2100000700000000000000000000000B002000007000000002
10000040000000103000000000000000000000000000053000
0000000000000000000000000000000000000A00000A240222
40000300300005000000000000003000000000000013010203
0000200000000100000000000000000000BC00000000410305
04000000000200000000200000000000000000000000304000
000000000021000000000000000000000000000C0004006000
00200000000200000000000000000000000000000000016300
04002404000020000000000000000000000000000001002330
77668807087265626743972117044560314000004218770104
