00900000000000200010000000000000000000002000000000
04030000000000000000002004004004100000300000000040
04000000000302000000000000000004000000000000000000
00000000203100001000000000000000000000000000000030
000000020003000000000000000000000000000400000E0000
00000100000000000000000000100000000000000000000000
00000000000031000000000000000000000000000000000000
00200000000000000000000000000000000000000000000000
01000000070031000000000000000000000000000000000000
03000000202000000000000000000000000000000010000000
0000001040020400000000000E000100000000000000000300
00000000000000002000000000000000000000300000000000
30004340000040100100000000000000000000000000000000
000405000000000200000C0001000000000000000400000000
07000200004040004000400020000000000200020000000000
000000000000440000000000000C0000000000000000000400
30002430300100000000300004000000000000000000000000
00000000000040000000000000000000000000000000000020
00000300002000C00004000000000000000000000000002000
0050000000230000000C001000000000000000000000000000
04000100000000000000000040004000000000000000000000
00000000000002000000004000000000000000000000000000
00000000000000000000000010000000000000000000000000
00000000000000002440000000400000000000000000000000
00000100002000000030000004000000000000000000004000
00000000300000000000000000000000000000000000010000
04060000000000000010000000000000040000040000000000
0003000000200010000000000000000000000F004000304000
00000000000000000000000004000000000000000100000000
70000020000000040000004000004000000000000000000000
00002000000020000000000000000000000000300000010000
00000000300000000000000000000000200010000000000000
01000000000000202000020000000000000003000000000110
00000000000000000000000000000000000000000000000000
02000004000000000022000002000000000000004000000000
00000000030400200000000000010000010000000000000000
00040000000000040030000000000000003000000000000000
40000400000000000100000000000000040000000000000000
00000000000000030000000000000000000000000000000004
60020000030000040000000400000400000000300000000400
00010000000000000000000000000000000000000000000020
50002000200000000000000000000000000000000000000000
40000003000004000000000000000000000000000000003000
04000020000000030000000000000004000003000000000000
00020004000000000000000000000202000000000000000000
00310000700000000000001000000000000040000000000000
40000070200000000000000000400000000000000000000000
04404001405400000000000000000300000000000000000100
30000002000000000000000000000000000000000000000000
97768838397475946788982259344564434004009918882136
