00000010000000000200000020000000000000000001000000
00000000000000000000000000000000000000000400000000
00000000000010000000000000000000400000030000000000
00000000000000000001000000000000000000000000004000
00000400000000000000000000000000002000000000000000
00000000000000000000000000000200000001000003000000
00000000000000000000000000000000000000000000000000
00000004000000000300000000000000030000000100020000
000000E0000400000000000000000000000000000001000000
00000000000000000000000000000000200000000000000000
20300000000000000000000000000000000000000003000000
00000000040000000000000000000000000000000000000000
00000000000404000000000100000000100040000000000000
00000000000000000000000000000000000000000000000000
000000F0000000000000000000000002000000000000000000
00000000000000000000100000000003000000400000000004
00000000000000000000000000000000004001000000200000
00000000000000000000400000000100000000000000000000
00000000000002100000003000000000000000000000010020
00000000000000000000000000000000000000000300000020
00000000000010000000000000000004000000000104002000
00000000000000000000000000000000000000000000000000
00000000004000000000400020000000000000000000000000
0000004000000C000000000000000040000000000001000000
00000000000000000000000001000000000000040000000000
00000000000002000000000000000000000000000000000000
00200000000000004000000040000000000000100000000000
00000000000000000000000000000300000000000000000000
00000000000010000000004000000000000000000000000000
0000000F000000000000000000000000000000010000000000
00000000000000000000000010000000000000000000000000
00800000000300000000000000040006000A00010000000000
00000000000000000000000000000000000000000000000100
00000000000000000000000000000030000000020000000000
00004000000000100000000000000010000000000000000000
0B000000000000000000000000000000000000000000002000
00000000000000000000000000000000000000000000000000
00110000000000000000000030000000000000000000000000
00000040000000003400000000000000000000000000000004
60000000000000E00000000000000000000000000000000604
00010000000000000000000001000000000004000000000020
50400000100001000004020000000000000000000000001000
40000000000004000000000000000000000400000000003401
04000020000000J300400000000000000300000B0004000000
00050000000000040020000020000G00300000000000000002
003600027000000004000000000000000000000B0000001000
400010E02000030000I0000000000000000000000000000000
0540400140500000000000100000B000000000000000000102
30000002000040000000000200000000000000000000000000
97768838397475946888982299354564434004009918882436
