00440000000000000000000000000000000000000000000000
700000400000004000000000000000000000000000000E0000
03000000000000000000000000000000000000000000000000
043000000000000C0000000400000000000004000000000000
04000000000000000000000000000000000000000000000020
10000200000000000002000000000000000000000000000000
03000000000000000000000000000000000000004000000000
020000000000000000000000000000000C4000000000000000
00000010000000000023000000000000010000000000000000
00000000000000000000000001000200000000000030000000
00000000000000006000000000000000000300000000000010
00000000000000000000000000000000000000000003000000
00000000000000000000000000040000000000000000000000
00000000030000000000000000000000000000000000040000
00000400000000000040010400000000000000000000000000
00000000000000000000000000000000000000000000000000
00000H00000000000000000000005000000000000000000000
00000000003000000000000000000000000000000000000000
00000000000040000000300000000000000000000000000002
00000000000000000000000000000000000100000100000000
00000000000000010000000000000000000000000000000000
00000000000000000000000000000000000000000000000000
000000C0020000000000000000000000000000000000000000
00000000000400004000000001000000000000000000000000
20002020000000000002000000000000000000000000000000
00000000000000000010000000000000030000000000000000
0200000000002002200300000000000000000000000A000000
30000000000000000000000004001000000000000000000000
00000000000000000000000200000000000000000000000004
00000E00000000000000000003000300000000000000000000
01000000000000000000001001000000000400000000000000
40040000000000000004000000000006000000000000000002
00000000000000000000000000000000000000000000004000
00000000000000000000000000000000G00000000000200000
00000000000000000000000040000000000000000000000000
00000000000100000000000000000000000004000000000000
00000000000000300000000000000000000000000000300403
00000000000000000000000000000000004000000002000I00
00000000G00000000020000000000000003003000000000000
00000000000000000400000000000000000000000000000004
00040000000030000000000000000000000000000000000010
00000000000000000100000000000000000000000000100000
000000000000000000400000E0000000003000000000000000
00000000000000000000000000000500004000010000000000
00000000000000000000000000020GH1000000000000000000
B0600000000000000000010000000000000000600000400000
00000000310000000000C00040000000000000000030000000
00000000000000000000000000000000000000000000000010
00000000000000000000000000000000000000F00000000400
77668808397275646785982219044560334004004618780134
