00300000000000000000000000000000000000002000000000
00030000000000000000000000000000000000300000000000
00000000000300000000000000000000000000000000000000
00000000200000000000000000000000001000000000000030
0000000200000000000000000000000000000000F000000000
0000000000000000000000000000000000000H000000000000
000000000000000000E00B0000000020000000000000000000
002000000000000000000000000000000000000000G0000000
00000000000000000000000000000000000000000000000000
00000000000000000000000000000000000000000000000H00
00000000400000000000000000000000000000000000000000
00000000000000000000000000000000000000000000000020
30000300000000100000000020000000000000000003020000
00000500000000000000000000300000000040000000000000
00000000000000000000000000040000J00000000000000000
00000000000000000000000400000000000000000000000000
00000000000000000000000000000000000000000000000000
00000000000000000000000000000000000030000000000000
00000000000000000000000000000000J00000000000000000
00000000001300000000000500000000000000000001000001
000000000000000E0000000020000000000000143000000000
00000000000000000000000000000000000000000000000000
00000000000000000000000000200000000000100001000000
00000000000000000000000000000000000000000000000030
00000000000000000000000000000000000000000000000000
000000000000030000000E0000000000000000000000000000
00020000000000000000000000000000000000000000000H00
0000000000000000E000000000000000000000000000000000
00002000000000000000000000000000030000000000000000
00000000000003000000000000000000000000030000000000
00000000000000000000000000000000000000000000000004
00000000000000000000000000000000000000000000000000
00000000000000000000000000000000000000000000000000
CF000000000000010000000000000000000000004003000000
00000000000000000000000000000000000000000010000000
0000000000H000000F00000000000000010000000000200000
00000000000000000000000000000000000000000300000000
00000000000000000000000000000000000000000000000000
0000000000000000000000000000020000000G000004310000
00000000000000000000000000000000000000000000000300
00000000000000000000000000000000000012000000002000
0000000000000000020000F000000000000000000100000000
00000000000000000000000000000000000000G00000000000
040000010000C000000000000000000C000000000000000000
00020004000000000000000000000000000000000000000000
0001000070000000000I000000000000000000000004000000
40000070200000003000000000000000001100040300000000
04000000402000000000000000000000300700000000000000
30000000000000000000000000000000000000000002000000
77768838397475646785982259344564434004008918880136
