00000000000000000000000000000000000000000000000032
03000000003000000400000000000000000000340000000004
40000022000000000000000000002000040000000000053000
00000000000000000240000000000000000000000000000000
00000000200000000000000000000000000000000030000000
00000000001000002000000000000000000000000000603000
00000000000000400002000000000000000000000000400000
00000000100000040000000000000000000000000000000000
00070000000002000000000000100030000000004001300000
00000020100000000001000000000000000000030003101000
00004003000000000000000000000020400100000000100000
10300004000000000400000001000010040003300050104030
00000000000000004000000000020000000000003004000030
100000000000000000000000000000000000000800000B0010
0000000001010000000100000000010000000000000000B210
00100003000000000000000000000000000000000000030000
40200000000000000000002000000000010000000000004000
00000000000000000000000000400000000000000000300400
00000000030000000000000000000000000000000000002000
00000000000010000000001000000000000000000000300000
00000000000000200000000000000000000010000000000000
00000000030000000000100002000000000000000002000000
00000040000000000000430000000000000000000000000003
00000000000000000000000000003000000000000000000000
00000B00020000000000000404040000000000000300000000
00000A06001000000000000000000000400000000000000003
00000B00000100000008000010000000000001000000000200
30000000100000000000400004000000000400000000000000
01000030003000030300000000000000AC0000000030002000
00004010000000000040000000000000000000000000000000
00330000003000000000000000003000000000000000000000
00000300000000040000000000040000000000000000400000
00003000006000000010000000000000000000000000000000
02000001000000000004000000000300000000000000000032
00000200010000000000301003000000000000000000000000
00000100000004000100000000000000000000000000000000
00000000000000010000010000000000000100320000000300
0C010000000024100000000200030000000000300040200200
0A002000000000000400000000040000000000100000000000
00020040000000000000000000000000000000000000000000
00000000000400000001000000000004100040000000030000
00000000000000000001000000000000000000000040000001
000000000001000000000000000000000000000000000B0000
000000000403000004000000000000000000000000000C0000
00400030000001000000000000000000000000000020000000
00000000000030200000000000000200000000000000000000
10000000000024010000000000100100000000100000000000
00001020040000000040000000000000000103020000000000
02030340000300000000000000000000000001014002000000
77668804087134516710172007000500004000000214770100
