00422000030000000000000002000000000000200010000000
00000040000000000000000000100000000000000000000000
4000000G000000000000000000004000000300000000000003
00000000000310220000000000001100000000000000000000
00000030000000000000000000000300000000000000000000
00031000000000000300000000000000000000000000000000
0002000000000000000F000000000000402000000000000000
403000000020000000001000000000H0010000000010000000
00000000000200000000000000000000000000000000000000
4000000K001000000000000000000400000000000000000003
00000000002000000000000000030000000000000000000000
04000000300000000000000000002000002000000000000000
00000J00000000000000004002000000000000000000000000
01000000000000000000000000000000000000000000000000
00000000000000000000000000000000000000000000000000
00054000100000000200000001000000000000000000000000
000000000000000000I0000000000000030000000000004000
00000000000000000000040000000000000000000000000004
00000000000030000000000000000000000003000040000002
00000000000000000000000000000000030000000000000200
00000000000000000000000000000000000000000000000000
000000000000D0000000000000000000000000000000000200
00000000000000000000000000000000000000000204000000
00000000000000000H00000000002000020000000001000000
00000000000000000000000000000000000040000000000000
00000000000000000000000000000000000000000400000030
00000000000000000000000000000000010000000000000000
00000000000000000000000000000040000000000000003000
00000000000000001000000000000300000000000000000000
00000000000000010000000000000000000000000000000004
00000000000000000000000000000000000000000000000002
00000000002000000000000001000000000040000000000300
00000000003030000000000000200000000000000000000000
0100000020I000000000000000000000000000000000000020
00000G00020000000000000000000000000000000000000000
00000000000000000000000E00000000000000000000000000
00000000200000000000000000000000000000000000000000
0000000000000000000000000000000000000000000I000000
00000000000000000000000000000000000000000000000000
00000000000000000000000000000000000000000000000000
30000200000000000000000000000000000000000000000000
00000000000000000000G00000000004000000000F00030000
00000000000000000000000000000000000000400000000000
0000000002400000000000000000000000000000000000040I
02000000000000000000000000000000000G00I00000000000
02000000000000002000000000000000000000000000004000
000000000000000000000000000000K0000000000000004240
00000000000000000000000000000000000000000000000200
000000000000003000000000000000000000F0000000000020
99888879599475988888998399785677549344609918886636
