00000300000000000000000000000000000000000200200000
00000000000000000000000200000000000000000100000000
00000000E000000000000000000010000000E0003000000000
00000000000000000000004000002031000000000000000000
00000000000000000000000000000300000000000200000000
00000000000300000000000002000300000000000000000002
0G000000000003000000000000000000300000000000000000
00000000000000000000000000000000000000000000004000
00020000000000002000000000000000000000000000000000
0004000000000000000000000010000000002000E000000000
00000000000000000000000000E00000000000000000000000
02000000000000000000000000000000000040000000000000
00000000000000000000000000000000000000000000000000
00000000000000000000000000000000000000000000000000
00000000000000000000000000000000000030000000000000
000000000000000000F0000000000000A00000000000000020
01000000000000000000000000000000000400000000000000
43000000000000000000000000000000000000000300000000
00000000000000000000202000000000000000000000000000
30200000000000000000000000000000000200000000000000
000001000400000000000000000000C0000000000000000030
0000000000000000000000400000E000000000000000000000
00000000000000000000000000000000002000000040000000
00000000000000000000000000000000300000000000030300
00000000000000000000000000000002000000000000000000
00000000000000000000000000000000000004000000000000
H0000000000000000000000000000000000000B00000000000
00001000000000000202000000000000000000000000000000
001000000000000002E00000000000H0000000000000002000
00000000000000000000000000200000000000000000030000
00000000020000000000000000000000000000000000000002
0F004000000000000000000000000000000000000000000000
02000100003000000000000000000000000000000000000300
00000000000000000000000000000000000000000000000000
00002000000000000000000000000000000000000000000000
00000000000000000000000000000000000000000000000000
000000000000000000000000000000000000000000000000H0
00000000000000000000000000000000000000000000000000
00400000000000000000000000060A00000000000000000000
40000000000000000000000000001000000000000000004000
00000000000000000000004000000000000000000201000002
40000000000000000000000000000000000000000000000000
00000300000000000000000000000000000000000000000000
00000000000000004000000000000000H00000000000000000
000000000000000000A0000000000000000000000000000200
00000020000000000000000000000000000000000000080000
000000000000000000000000000000000000000000F0000000
00000000000000000300000400400200000003E00000000031
0F003000002000000000000400000000000000000000003100
97788839599475986888992299584567437304609918882436
