00000000000000000004010100100000000400000000000000
000000A0000000000200002020100000B00000000000000000
00000000000000100000000001000000000000300000000000
00000000040000000000010070190000000000000000000000
00000000000000000000001110201000000200000000000000
00000000000000000000100404002000000000000000000000
0000000000000000000000000002000000000A000000000000
30004000000000000000020000000000000B000000000D0000
0000000300000000000000000010A000000000000000000000
00000000000000000000000000000000000000000000000000
00000034000000000003000000000000000C00000000000000
00000000000002000000004000000300000000000000000000
00000000000000000000000020000000000000000000000400
00020400004000000000000100000020030000000000030000
00000000000000000000000000010400000000000000000000
00000000000000000000000000002000000020000000000000
2400133003100000000000000000003000300000A200000000
0000060000000000000000000B000000000000000000001000
00020004000000000040000000000000000400300000000000
00303000000040000000000000000000010000000000000000
00200000420001030000400000000004000000520300000000
00400003240000000200000000000000000001100000000200
00000001010000000000000000000000000000000000200000
00000000000000020000000000000200000001000000000000
00000220000000000000000000000000000000000000000000
00020003000400300000000000000000000000000000000000
20000000010000210000000000000400000000000400000000
00010010050000000000000000000000000200000000000000
00004000300010000000000000000000000000010000000000
00300322000000300000000000000300000000000000000000
00000000000000000000000000000000000000000000000000
00000000000000000000000000000000000000000000000000
01000300200000000000000000003000000000000000000000
00000000000000000000000000000000000000000000000000
00000050000000000000000000000002000000200000000000
00000100003001000020000000000000000000000000000000
30000030312000000020000000300000030A00000000000000
00000000040000100000000000100004000200400000000000
00000000000000000000200000000000000000000000000000
0A000000000200000000000000000000000003000000000600
000000200000000000000000002020000000100000000040A0
00100000000000010000000000000000000040080000000200
A0000000100000000400000000000000000000000040000001
00003000000000000100000000000000000040001000000010
00003000000000000000000000000000000000000176100008
00400000010000000000000000000000000000000040401000
5240000000B000000000000000000402063100004014020000
00000000004000000000000000000000000001000050330000
00400000000000000300000020000000000101408144000000
02625500082100114110101407004101320030140010000000
