00000000010000400200000020000000000000000001000000
00000002010000000000300000000000000000000600000000
00000000000010000000000000000001400000060200000000
00000000000000000001000000000000000300000000004400
02200000000000000000000000000000002000000000000000
00000000000000000000000000000200030001000003000000
00000000000000000000000000040003000000000010000000
00000000000000000300000000000000030000000100020000
00000000000000000000000000000400200000000001000000
20000000000000000000000000000000203000000000000000
00000000000000000000020000000000000100000004000000
00000000000000400000000200000000000000000003000000
000C0000000000000000000105000000100040000000000000
00000000000000000000000000000400000000000000000004
00000000000000000000G00000200002000003000000000000
00000000000000000000000000000003000000B00000000004
0003000000E000000000000030000000004000000000200000
00000000000000000C00000000000100000000400000000000
00000000000000000000000000000000000000000000010020
00000000000000000000000000000000000400000300000020
00000000000000000000000000000004000000000104002002
10000000000000000000000000000000000000000400000000
00000000000000000000000A20000000000000020000000000
00000040000000000000000000030040000000000001000000
00000000000000000000000000000000000001000000000300
00000000000000000000000000000000000000000000000003
00000200000000002000000040000000000000000010000000
0000000000000200000010000000000000C000000000000000
000000000040000000000040000000J0000000000040002000
00000000000000000000000300000000300000000000000000
00000000000000000000000000000000000000000300000003
00000002000000000000000000000000000300000000000000
0000000000C000000000000000000000000000000000000100
00000000000000000000000000000000000000000000000000
00000000000000000003000000000000000000000000400000
00000004000000000000000004000000000000000000012000
000000000000000000000000000000000000000000000000E0
010000000000000000000000000000000000000000000000F0
00000000000000000000000000000000002000000000000000
00000000000000000000000000000000000000000040000000
0000000000000000000000000000000000000000000000000C
00000000000000000000000000000000000000000000000000
000000000A0000000000000000000000000000000000000000
00000000000000000000000000000000000000000000000000
0000000000000000000000000000000000000000000B000000
000000000000000000000000E0000000000001000000000000
00000B0000000000000000000000000000040000B000000000
00000000000000000001000F00000000000000000000D00002
00000000000000000000400000000000000000040000000030
97768838397475946888982299384564434004409918882436
