20000000020001000000000000000000000000000000000000
00000000000000000000000200000000000000000000000000
2001000000000000000000030000010E000000004000000000
20000000000000000000000004000000200000000000000000
00040000000002000000000000000000000000000300000000
00000000000000000000000000003000000000000000000000
00000000000040000000000000000000000000000000000000
00000000000000040000000000000200000000000000000000
00000000002032300000000040000000000000000000000000
00000300000003000000100000000004000000000000000000
00000000000000000000000000000000000000030000000000
00000000000040000000000000000000000000000400000000
01000003000010004000000000000000000000000000000000
0001000000000000000000000000010000000000000A000000
00000000000000000000000400002000000000000000000000
00000000000000000000400300000000000000000000000000
000000000004000000000000000001330000000000002A0000
00000400000E04000000000000000000000000B00000000004
00002010000004000000020000000000100000000000053000
00000000000000200004000000000000000010000002000000
00000000000000000000000000000000000000000000000200
00000000000000000000000000E0000000400000000000F040
00000000000000000000000000304000000010040100000000
000000000000000004000000110308001B0000000000000000
00000003000000000000000000200010020000003000010000
00030000000000000000000000000020000000000020000000
00200000001001000000400000000000001030000000000000
00002003000000000000000000000000000000040000000005
00000000000003000004000000000000020000000004000020
00400000004000000000000000037000000040005020400000
000000000A0000050000000000030020001303000301200000
00000000000000010000000000302044060120010000001002
00000000000000000000001030044000000040000000000000
20000000000000000010000000001004101420003100000300
00000000000000000000004000313010100020400000001030
00030000000000000000001010124000000100364000000440
00000000000000000000100002206010240000003430000400
00000040000000000004000000000000000034330004300084
00000030000000000000004000109000400110005000002234
00000000000000000001004020000000000000030040001000
01000003000000000000002400020000000000047000000002
00000000000000000040001030000300000000230400043000
00000000000000000000030020402040200300400000100222
40000300300005000000000000023300770000703013000203
000020000000010000B020100C000000000003007020410305
04000000000000000000450004030000041000130100304000
00000000000100000000000000001000030003350000006000
00200000000200000000000006002701001010006000016300
04000000000000020004000140402010001304020001002030
77668807087264626743972107044560314000004218770100
