00000000000000000000000000000000000400000010000000
00000000030000000000000000000000000000000000040000
00000000000000000000000000020000000010220000000001
00000000000000000000020000000000040000000000000004
00000000000000000000003000000000003000000300000000
00000000000000000000000200001000000020000000000000
00000000000000000000003000100000000000000000000000
000004000000000B0000100000000020000001000000002000
00000000000000000000000030021000030000100000000000
00000000000000000000033000030002000000400000004000
00000000000000000030000000003000000060000000000030
00000000000000000000000003300000000000000000000040
00200000000000000000000000003000000300000000004002
00000000000000000000000104000002005430000000000200
00000000000000000000000000001400012000000000200001
00000000000000000200000000024080000400000020000000
04000000000000000000200000000003000002402000003000
00000000000000000003003000000003000040000004000300
00000030000000000020000000100000000000000000401000
00000000000000000000000002000000430000000303024000
00000000000000000000000000000300000003020300100004
00000000000000000000000000000000002000002040000223
00000000000000000000000001000000040003000000200001
00000000000000000000000000000000003030000400000020
00000000000000000000000000030000000000000000100030
00000000000000000000010003000004040000072000044000
00000000000000000000000000040000050000000340000000
0002000002000000002D000000100000000000030000210000
00000000000000100000000000000000000000000000000032
00000000000000000000000000000000001000010000000000
000C0000000000000000000002000000003000000030000000
04001000000000000000301000000000000000400030400000
03000040000030300000000000000000050000322030030000
20000001010040000000000040003020302004000030004030
00000000400000000000600002000000000000010010000003
00100000002000001000100000404000000000000000020000
00000000020200000020000002000030000000000000001000
00000202000200000000000000003100000000000000000000
00008010000000000000200001000400000000000E00000000
00000001000000300000000000000320000000000000004021
04010003030000030003000000000001000000000000000000
00000000000000030000000300000100000000000000004000
00000003000000000000000100000000000000000000A00001
02020000003000000400000000000001000000000000000001
00000000000000001001000000000000000000000000000008
00001002000000030000000D00000000000000000000000000
20000000004002000B00000030000000000000000003000000
00000300030000000000000000000000000000000000000000
00000400020000000000000000000000000000000000000000
35625500086104114410101007000501330100340010000100
