000000000500000H0000000000000000000000000000000000
00000000000000000030004000000000000000000100000000
00001000000000000000000000000000000000000000000000
00000000000000000000000003000001401000000000000000
00000000000000000000000000000000000000000000000000
C1000010000000000000000000200000000000000000000100
00000000001000000000000000000000000000000000100000
00000000000000H00000000000000000000000000000000000
000000000000000E0000020004000000000000000000000000
00000000000000000000000000440000000000000000000000
00000D00000000000000000000000100000E00000000000000
00000000000004000030000000040000000000000000000200
00000000000000000000000200000000000000000400000000
000J0000000000000000003040000000000000000000000000
00000000000000000000004000040000000000000000000000
00000000000000000000000000040000000000000000000000
00000000000000000000000000000000000000000000000000
00010000000000000010000004000000000000000000000000
0000000000000F000000000030002000000000000000G00000
000300000E0000000000000000000200000000004000000000
00000000000000000000000000000000000000000004301000
00400000000000010000000000000000000000000000000000
00000000000000000000000000000000000000000000000003
000004000000020000000000B0000000020000000000000004
00000000000000000000000000000H00000000000000000000
00000000040000200000E00000000000030000000300000000
00000000000000000000000000000000000000000000000000
00000000000000003000000000000000000300000000000000
00100000000000000000000000000000000000000010000000
00000000000000000000000000000000000010000004000000
00000000000000020000000000000400000000000000000000
01000000000000000000000000000000000000000000000000
000000000000000000000C0000000000000000000000000000
00000000000000000000000000000200000000000000000000
00000000300000E00000000000000000000000400000000000
00000000000000000F00000000000000000000000000000000
00002000001000000000000000200000000000001000000000
00000030000000000000000000000000000000000000000000
0000000000000300000J0000000000000000030G0000000000
00000000000000000000000004000000000000000000040000
0000000000J000000000000000000000000000000000000000
00004000000000000000000000000000000000000000000000
00000000000000000000004000000000000020000000000000
00000000000000000000000000000000002000000000000000
00320000000000004000000000100002002000000000000000
00200000000000000000000020000004000000001000040000
00000000000000000000000000000000000000000000000000
00000000000000000000000300000200000000000000000031
00003000002000000000000000000000000000000000000000
97788839597475986888992299584567437304609918882436
