00000000000000000000000000000000000000000000000000
012000000000000000002000E0000000000400000000030000
04000000200000000000000000000000001000000000000000
00000000000000000000C00000000000000000000000000000
20002000000000000000000000000000010000000030000000
00400002000000000000000000100000000002000000000000
00000000000000000000000000000000000000000000000000
00000000000000000000000000100000000000000000000000
0000000000000300000000020000000000000000000C000000
00010000000000000000000000000000000000000000000000
00000000000000000000000000000000000000000000000000
0000000310000000G00000000000000000B0000000000E0000
00000000000000000000000001000000000000000000000000
00000002000000000000000000000000000000000000000000
00000010000000000000000000000000000000000000000000
004000000010000000000000000000000000000000000000HC
03000000000000000000000000000002000000000000000000
00000000000000000400000000000003000000000000000000
0000000000000000G000000031000000000000000300004200
040000000000000000000000000000000000000FG000000000
0000000B000000000000000000000001000000000000020000
00000000000000000300000000000000000000000000010000
00000000000000000000000000000000200000000000000001
00000000000000000000000000000000000000000000000000
00000000000000000000000000000000000000000000000030
0000000I000003000000002000000000000000000000000000
00000000000000000000000000000000000000000300000104
00000000000000000010000000004000000000000I0003H000
00000000000000000000000000000000000000000000000030
00200000000000000000000000000000000200000000000000
0000000G000000000000000000000000000000000000000000
00000000000000000000000000000000000000000000000000
00000000000000000000000000000000000000000000000000
000000000000000000000000000000000000400300F0000001
00000000000000000000000000000000000000000000000I00
00000000000000000000000000000000000000000000000H00
00000000000000000000000000000020000000000000000000
00000000000000000000000300000000000004000000000000
00000000010000000000000000000010000000000004001000
00000000001000000000000000000000000000000000010000
00000000000000000000000000000000000300000000000000
20000000000000000000000000000000000300000000000000
00000000000000000000000000000000000000000000000000
00000000000000002000000000000000000001400000000000
00000000000000000000002000000000000000000000000000
00000000000000000000000000000000034000000000000000
0000000000D000000000000000000000000000031300000000
I0000000000000000000000000000000003000000000000000
00000000000000000000000000000000000000000000000020
99788839599475986888996399785677449304609918882436
