0000000005000000000000000000000000D000000000000000
0000000000000H000030004000000000000000000100000000
00001000000000000000000000000000000000000000000000
00000000000000000000000003000001401000000000000000
00000000000000000000000000000000000000000000000000
01000010000000000000000000200000000000000000000100
00000000001000000000000000000000000000000000100000
0C0000000000000E0000000000000000000000000000000000
00000000000000000000020004000000000000000000000000
00000000000000000000000000440000000000000000000000
00000000000000000000000000000100000000000000000000
000F0000000004000030000000040000000E00000000000200
D00J0000000000000000000200000000000000000400000000
00000000000000000000003040000000000000000000000000
000000D0000000000000004000040000000000000000000000
00000000000000000000000000040000000000000000000000
00000000000000000000000000000000000000000000000000
0001000000E00F000010000004000000000000000000000000
00000000000000000000000030002000000000000000G00000
00030000000000000000000000000200000000004000000000
00000000000000000000000000000000000000000004301000
00400000000000010000000000000000000000000000000000
00000000000000000000000000000H00000000000000000003
0000040000000200000000000B000000020000000000000004
00000000000000000000000000000400000000000000000000
00000000040000200000000000000000030000000300000000
00000000000000000000E00000000000000000000000000000
00000000000000003000000000000000000300000000000000
00100000000000000000000000000000000000000010000000
00000000000000000000000000000000000010000004000000
0000000000000002000000C000000400000000000000000000
01000000000000000000000000000000000000000000000000
00000000000000000000000000000000000000000000000000
00000000000000000000000000000200000000000000000000
00000000300000000000000000000000000000400000000000
0000000000000E0000000000000D0000000000000000000000
000020000010000000000J0000200000000000001000000000
00000030000000000F00000000000000000000000000000000
00000000000003000000000000000000000003000000000000
00000000000000000000000004000000000000000G00040000
00000000000J00000000000000000000000000000000000000
00004000000000000000000000000000000000000000000000
00000000000000000000004000000000000020000000000000
00000000000000000000000000000000002000000000000000
00320000000000004000000000100002002000000000000000
00200000000000000000000020000004000000001000040000
00000000000000000000000000000000000000000000000000
00000000000000000000000300000200000000000000000031
00003000002000000000000000000000000000000000000000
97788839597475986888992299584567437304609918882436
