00000000050000000000000000000000000000000000000000
000000000000H0000000004000000000000000000000000000
00001000000000000000000000000000000000000000000000
000000000000H00000000000030000000010H0000000000000
00000000000000000000000000000000000000000000000000
00000000000000000000000000200000000000000000000100
00000000000000000000000000000000000000000000000000
00000000000000000000000000000000000000000000000000
000000J0000000000000000000000000000000000000000000
0C000000000000000000000000400000000000000000000000
00000000000000000000000000000000000000000000000000
00000000000004000000000000000000000000000000000200
00000F00000000000000000200000000000000000000F00000
00000000000000000000000040000000000000000000000000
00000000000000000000000000040000000000000000000000
00000000000000000000000000040000000000E00000000000
00000000000000000000000000000000000000000000000000
00000000000000000010000B04000000000000000000000000
00000000000000000000000030002000000000000000000000
00030000000000000000000000000000000000000000000000
00000000000000000000000000000000000000000000300000
0000000000E0000100000000000002000000000000000000G0
00000000000000000000000000000000000000000000000003
00000400000000000000000000000000000000000000000000
00000000000000000000000000000400000000000000000000
00000000040000000000000000000000030000000300000000
00000000000000000000000000000000000000000000000000
00000000000000003000000000000000000300000000000000
00000000000000000000300000000000000000000000000000
00000000000000000000000000000000000000000000000000
00000000000000000000000000000000000000000000000000
0100000000000000000C00E000000000000000000000000000
00000000000000000000000000000000000000000000000000
00000000000000000000000000000200000000000000000000
00000000000000020000000000000000000000000000000000
00000000000000000000000000000000000000000000000000
00000000001000000000000000000000000000000000000000
00000030000000000000000000000000000000000000000000
00000000000003000000000000000000000003000H00000000
00000000000000000000000004000000000000000000040000
00000000000000000000000000000000000000000000000000
00004000000000000000000300000000000000000000000000
00000000000000000000004000000000000000000000000000
000000000000000000000000J0000000000000000000000000
00320000000000000000000000000002002000000000000000
00000000000000000000000020000004000000001000040000
00000000000000000000000000000000000000000000000000
0000000D00H000000000000000000000000000000000000031
00000000002000000000000000000000000000000000000000
97788839597475986888992299584567437304609918882436
