00000300000000000000000000000000000000000200200000
000000000E0000000000000200000000000000000100000000
00000000000000000000000000001000000000003000000000
00000000000000000000004000002031000000000000000000
00D000000000000000000000000003000000000E0200000000
00000000000300000000000002000300000000000000000002
00000000000003000000000000000000300000000000000000
00000010000000000000000000000000000000000000004000
00020000000000002000000000E00000000000000000000000
000400000000000000000000000000000000200E0000000000
00000000000000000000000000000000000000000000000000
02000000000000000000000000000000000040000000000200
00000000000000000000100000000000000000000000000000
00000000000000000000000000000000000000000000000000
00000000000000000000000000000000000030000000000000
00200000000000000000F00000000000000000000000000020
01000000000000000000000000000000000400000000000000
430000000002000000000000000000A0000000000300000000
00000000000000000000202000000000000000000000000000
30200000000000000000000000000000000200000000000000
00300100040000000000000000000000000000000000000030
00000000000000000003004000000000000000000000000000
00000000000000000000000000000000002000000040000000
0000000000000000000000000000E000300000000000030300
00000000000000000000000040000002000000000000000000
00000030000000000000000000000000000004000000000000
00000000000000000000000000000000000000000000000000
0000100000000000E002000000000000000000000000000000
10100000000000000100000000000000000000000000002000
00000000000000000000000000200000000000000000030000
00000004020000000000010000000000000000000000000002
0F0040000000000000000000000000H0000000000000001000
02000120003000000000000000000000000000000000000300
00000000000000000000000000000000000000000000000000
0000200000000000000000000000000000000000000000000H
00000000000000000000000000000000000000000000000000
00000000000000000000000000000000000000400000000000
00000000000000000000000000000000000000000000000000
0040000000000000000000000006A000000000000000000000
40000000000000000000000000001000000000000000004000
00000000000000000000004000000000000000000201000002
40000000000000000000000000000000000000000000000000
000003000000000000000000000000H0000000000000000000
00000000000000004000000000000000000000000000000000
000000000000000000A0000000000000000000000000000200
00000020000000000000000000000000000000000000080000
00000000000000000000000001000000000000000000000000
F000000000000000030000040040020000000E0000000F0031
00003000002000000000000400000000000000000000003100
97788839599475986888992299584567437304609918882436
