20000000000001000000000000000000000000000000000000
000000000000000000000000000000400000B00000000D0000
20010000000000000000000000000000000000000000000000
20000000000000000000000000000000200000000000000000
0000000000000200000000000000E000000000000200000000
00000E00000000000000000000003000000000000000000000
00000000000000000000000000000000000000000000000000
00000000000000040000000000000200000000000000000000
00000003000030300000000000000000000000000000000000
00000300000003000000100000000003000000000000000000
00000000000000000000000000000000000000000000000000
00000000000000000000000000000000000000000430000000
0100000300001000400000000000000000000000000000000A
000100000000000000000000000000000000000B0000000000
00000000000000000000000400000000000000000000000000
000000000000000000000003000A0000000000000000000001
00000000000000000000000000000102000000000000200203
00000400000000000000000000000000000000000000000004
00002000000000000000000000000000100000000000053000
00000000000000200000000000000000000000000000000000
0000000000000C00000000000000000000000000000000A200
000000000000000000F00000000000000000000B0000000040
00000000000000000000000000304000000B10000100000000
00000000000F00000000000001030800100000000000000000
00000000000000000000000000200300020420003000010000
0000000000000000000000000000002000003005002000F000
00000000000000000000000000010000001030000000000000
00000000000000000000000000000E00000000040000000005
000000000000000000C0000000000000020000000004000020
00000000000000000000000000037000000040005000400000
00000000000000000000000000030020001300000301000000
00000000000000000000000000302044060110010000001002
00000000000000000000000030044000000040000000000000
00000000000000000000000000001004101420003100000300
00000000000000000000004000310000100020400000001030
00030000000000000000001010124000000000034000000440
00000000000000000000100002203010200000003430000400
00000040000000000000000000000000000034330004300044
00000000000000000000004000109000000110005000002231
00000000000000000001004020000000000000030040001000
010000000000A0000000002400020000000000007000000002
000000000A0000000000001030000300000000230400043000
00000000000000000000030020402040200300400000100222
00000000000005000000003000023300770000703013000203
00B000001A0000000030001000000000000003003020010305
00000000000000000000440034030000041000130100304000
0000000000010000C001000000001000030003340000006000
00200000000200000B60000006002701001010006000016300
04000000000000020000000140002010001304020001002030
77668807087234626713972107040560314000004218770100
