20000000020001000000000000000000000010000001200000
00000000000000200000000200000000000300000000000000
20010000000200000000020300000000000000000000000000
21200010000000000200000004000000000000000000000000
00040000000004200000000000000000000000000000000000
01002000000100000000000000000500000000000000000000
20040010000040000000000000000000000000000000000000
00000000000000040000020000000000000000000000000000
000000000020323004100000C0000000000100001000403000
01000300200003400000100000000000000000000000000000
00000420000000000000000000000000000000000000000000
000000000700401A0000000000000000030000000000000000
01001003000010000000000000000000000000000000000000
00410000000010100000000000000000000000000000000D00
02000000030000000000000000000000000006000000000000
00400000000200000000000000000000000000030000000000
00002000000000000B00000000000000000000000000000000
0004040000E000000000000000000000000000000000000000
000000100F00000000F0000000000000000000000000000000
00000000000000000000020000000000000000000000000000
00000000000000000000000000000000000000000000000000
02000000000100000000000000000000000000000000000000
00000000000000000000000000000000000000000000000000
E0000000000000000000000000000000000000000000000000
00000000002000000000000003000000000000000000000000
00000000000000000000000002000000000000000000000000
00040000000000000000000000000000000000000000000000
0000000000000000000000000000000000000000000000A000
00000000000000000000000000000000000000000000000000
004300000000000000000A2000000000000000000000000000
000000A000000000000000000000000C0000010D0000000000
00000000000000000000000000000000000000000000000000
000000000000000000000000000000000000000000E0000000
20000000000000000300000000000000000000000000000000
00000000000000000000000000000000000G000000000000C0
00031000000000000000000000000000000000000000000000
01000000000000000000000000000000000000000000000000
03000000000000000000000000000000000000000000000084
00000100030000000000000000000000B00000000000000234
02000000000000000030000000000000000000000400000000
21000003000000000000000000000000002000007000000002
10000040000000103000000000000000000000200000053000
000000000000000000000000000000000B000AC00000240222
40000300300005000000000000003000000000000013010203
000020000000010000000000000000000000B00CA000410305
04000000000200000000200000000000000000030000304000
00000000002100000000000000000000000000050004006000
002000000002000000000000000000E0000000000B00016300
0400240400002000000000000000000000000000E001002330
77668807087265626743972117044560314000004218770104
