20000000020021000000000000000000000010000001200000
00000000000000200000000200000000000300000000000000
20010000000300000000020300000000000000000000000000
21200010000000000200000004000000000000000000000000
00040000000004200000000000000040000000000000000000
01002000000100000000000000000500000000000000000030
20040010000040000000000000000000000000000000000000
00000000000000040000000000000000000000000000000000
000030000020323004100000000C0000000100001000403000
01000540000003400000100000000000000000000000000400
00000424F00000400000000000000000000000000000000000
001000000000A0000000000000000000050000000000000000
01001003000000000000000000000000000000100000000000
00410000000000100000200000000000000000000000000000
02000000030200000000000000000000000006000000000000
00400000003000000000000000004000000000030000000000
00052000000000000030000000000000000000002000000000
04040400000000000000000000000000000000000000000000
00000010000400000000000000000003000000000000000000
000000000E0000000000020000000000000000000000000000
00400000000000000000200000000302400000000000000000
02000000000100000000000000000000000000000000000000
00002000001000000000000000000000000000000000010000
10000000000000000000000000000000000000000000000000
000E0000002000000000000003000000000000000000000000
00000000000000000000000302000000000000000000000040
00040000000000000000000000000003000000000000000000
000000000000000000000000000000000000000000001000C0
10000000000100000000300000000000000000000000000002
00430000000000002000000000000000002000000000300000
00000000000000000000000000000000000001000000000000
00000000000000000000000000000000000000001000000000
0000000000000000000000000000B000000000000000000000
20000000000000000300000000000000000000000000000000
00000000000000000003000000000000000000000000000010
00031200000300000000000000000000000000000000000000
01000000001000000000000000000000000000000000000000
03000000000000001000000000000000000000000000000084
00000100430200003000000000000000003000000000000234
02000000000000000033000100000000000000000400000000
210000070000300000040000000000000000000A0000000002
13000040000000103000002000000300000000B00000053000
00100000000000000100000000100000030000000000240222
40000300300005000000000000003000000000000003010203
000020000000010000000000000000000000A0000000410305
04000000000200000000200000000000000000000030004000
0000010000210000000000000000000400010C00300000B000
00200000000200000000000000000000000000000000016300
04002404000020000300000000000000000000000001402330
77668807397265626743972117044560314000004218770104
