00000300000000000000000000000000000000000200200000
00000000000000000000000200000000000000000100000000
00000000E00000000000000000001000000000003000000000
00000000000000000000004000002031000000E00000000000
00000000000000000000000000000300000000000200000000
0D000000000300000000000002000300000000000000000002
00000000000003000000000000000000300000000000000000
00000010000000000000000000000000000000000000004000
0002000000000000200000000000000000000000E000000000
00040000000000000000000000E00000000020000000000000
00000000000000000000000000000000000000000000000000
02000000000000000000000000000000000040000000000200
00000000000000000000100000000000000000000000000000
00000000000000000000000000000000000000000000000000
00000000000000000000000000000000000030000000000000
00200000000000000000F00000000000000000000000000020
0100000000000000000000000000000A000400000000000000
43000000000200000000000000000000000000000300000000
00000000000000000000202000000000000000000000000000
30200000000000000000000000000000000200000000000000
00300100040000000000000000000D00000000000000000030
00000000000000000003004000000000000000000000000000
0000000000000000000000000000E000002000000040000000
00000000000000000000000000000000300000000000030300
00000000000000000000000040000002000000000000000000
0D000030000000000000000000000000000004000000000000
00000000000000000000000000000000000000000000000000
0000100000000000200200000000000000000000D000000000
10100000000000000E00000000000000000000000000002000
00000000000000000000000000200000000000000000030000
000000040200000000000100000000H0000000000000000002
00004000000000000000000000000000000000000000001000
02F00120003000000000000000000000000000000000000300
00000000000000000000000000000000000000000000000000
00002000000000000000000000000000000000000000000000
000000000000000000000000000000000000000000000000H0
00000000000000000000000000000000000000400000000000
00000000000000000000000000000000000000000000000000
00400000000000000000000000060A00000000000000000000
40000000000000000000000000001000000000000000004000
00000000000000000000004000000000000000000201000002
40000000000000000000000000000000000000000000000000
0000030000000000000000000000000H000000000000000000
00000000000000004000000000000000000000000000000000
00000000000000000000000000000000000000000000000200
000000200000000000A0000000000000000000000000080000
00000000000000000000000001000000000000000000000000
F000000000000000030000040040020000000E000000F00031
00003000002000000000000400000000000000000000003100
97788839599475986888992299584567437304609918882436
