03032000200000001000000000000000000400000010000000
00001300000000000000000000000000000000000000040000
00000000000000000000000000020000000010220000000001
02000000000000000000020000D00000000000000000000000
0000C000000000400000003000000000003000000000000000
00000000000200000000000000000000000020000000000000
000000000A0000000000003000000000000000000000000000
00000000000000C00000100000000020000001000000000000
00000000000000000000400030001000000000100000000000
00000000000030000000030000000002000000400000004000
00000000000000000000000000000000000030000000000030
00000000000000000000000000300000000000000000000040
00000000000000000000000000003000000300000000000002
00000000000000020000000104000000001400000000000200
00000000000000000000000000001000002000000000200001
00000200000000000000000000000080000000000020000000
00B00000200000000000000000000003000002402000000000
00000000000000003000003000000000000000000000000300
00000000000000000000000000000000000000000000401000
00000040030000000000000002000000030000000303020000
00000000000000000000000000000300000000020300100004
00000000010000000000000000000000001000002040000223
00000000000000000000000000000000040003000000200001
00003000000000A00000000000000000000000000000000020
00000000000000A00000000000000000000000000000000030
00001000000000000000000000000004000000000000001000
00000000000000000000000000000000030000000300000000
00000000000000000400000000D00000000000030000200000
10000000000080100000000000000000000000000000000002
00300000000200000000000000000000000000000000000000
00000000000000000000000002000000000000000000000000
00001000000000000000000000000000000000400000000000
00000040000000300000000000000000000000322030000000
20000001000000000000000000000000300000000000004030
00000000000000000000600000000000000000000000000003
00000000002000000000000000402000000000100000020000
00000000020000000000000000000000000000000000000000
00000000000200000000000000000000000000000000000000
00000000000000000000000000000400000000000000000000
00000001000000300000000000000320002000000000004001
00000000000000000000000000000000000000200000000000
00000000000000030000000300000000000000000000000000
00000003000000000000000100000000000000000000000001
0000000000000000000000000000000000000A020000000001
00000000000000001000000400000000030000000000001008
00001000000000000000020000000000000000000000000000
20000000004000000000000000000000030000000003000000
00000300000000000003000000040000400030000000000000
00000000020000000000020000000000000000000000000000
05625500086100114410101807000501330100340010000100
