00422000030000000000000002000000000000200010000000
00000040000000000000000000100000000000000000000000
4000000G000000000000000000004000000300000000000003
00000000000310220000000000001100000000000000000000
00000030000000000000000000000300000000000000000000
00031000000000000300000000000000000000000000000000
00020000000000000000000000000000402000000000000000
40300000002000000000F000000000H0010000000010000000
00000000000200000000000000000000000000000000000000
40000000001000000000000000000400000000000000000003
000000K0002000000000000000030000000000000000000000
04000J00300000000000000000002000002000000000000000
00000000000000000000004002000000000000000000000000
01000000000000000000000000000000000000000000000000
00000000000000000000000000000000000000000000000000
00054000100000000200000001000000000000000000000000
00000000000000000D00000000000000030000000000004000
00000000000000000000040000000000000000000000000004
00000000000030000000000000000000000003000040000002
00000000000000000000000000000000030000000000000200
00000000000000000000000000000000000000000000000000
00000000000000000000000000000000000000000000000200
00000000000000000000000000000000000000000204000000
00000000000000000H00000000002000020000000001000000
00000000000000000000000000000000000040000000000000
00000000000000000000000000000000000000000400000030
00000000000000000000000000000000010000000000000000
00000000000000000000000000000040000000000000003000
00000000000000001000000000000300000000000000000000
00000000000000010000000000000000000000000000000004
00000000000000000000000000000000000000000000000002
00000000002000000000000001000000000040000000000300
00000000003030000000000000200000000000000000000000
01000000I00000000000000000000000000000000000000020
00000000010000000000000000000000000000000000000000
00000000000000000000000000000000000000000000000000
00000G002000000000000E0000000000000000000000000000
00000000000000000000000000000000000000000000000000
00000000000000000000000000000000000000000000000000
000000000000000000000000000000000000000000000I0000
30000200000000000000G00000000000000000000000000000
0000000000000000000000000000000400000000F000030000
00000000000000000000000000000000000000400000000000
000000000240000000000000000000000000G0000000000400
0200000000000000000000000000000000000I0000000000I0
02000000000000002000000000000000000000000000004000
000000000000000000000000000000K0000000000000004240
00000000000000000000000000000000000000000000000200
00000000000000300000000000000000000000F00000000020
99888879599475988888998399785677549344609918886636
