00000000000000000000000000000000000000000000000000
0000000000000000000000000000000000000B000000000000
00000000000000000001000000000002000010000000000000
00000020000000000003040C00000000001000000000000000
00001010000000000000000000000000000001000000000000
00200000000000000000000000000000000000000000003000
00000000000000000000000000000100F00000000000000000
00000000000000000000000I00000000000000000000000000
000000000F0000200200000000000000000000000000000000
00000000000000000000000000000000000000000000000000
00000000000200000000000000000000000000000000300000
00000000000000000000000001000000100001000000000000
A0000000000000000000000000000000000000000000000002
00000000000000000100000000200000000000000030000010
000000C0000000000000000000000000000000000000000000
00200000000100004000000000000000000000000000000000
00000000000000B00000000004045000000000000000000000
00000000000000000000000000000000000000000000006000
00300000000000000020040000000000000000000020010000
0000000100000000000000033000000000F000000100000000
00000000000000030004000000000000000200003000000000
00030000000330000000000000000000000000000000000000
00000030000200000000000000030000000000003000000003
02110000002000000H00000000000000000000020000000004
C0002000000000000000000000000000000000000000000000
00000000000000000000000000000000010400040000000000
00000000000000000000000000000000000000000000000001
0F020000000300000000000000000000000000000000000000
00000000000000000000000000000000000000000000000000
0000000000000000000000000000000000000100000000C000
00000000000000000000000000000000000000000000000000
70000000000000000000000000000000000000000000000000
00000000000000000000000000000000000000000000000000
0000000000000000000300000000000000000000E002000000
00000000000200000000000000000000400000000000000000
0000000000000000E000000000000000000000000000000000
00000000000000000000000000000002000000000000000000
00000000000000000000000000030000000000000000300000
00000004000000000000000000000000000000000000000000
00000000000000000100100000000000000000000000000000
00010000000000000000000001000000004000000000000000
200000000000E0000000000000000000000000000000000000
00000000000000000000000000000000000000000000000003
04000000000000000000000000000000000000000000000000
00020004000000000000000040000000000000000000000000
00010000700000000000000000000000000000000000000000
00000020000000000004000000000000000100000003000000
000000000000000000000000000000100000000000000000G0
00000000000000000000000000000400000000000000000000
77768838397475646785982229344563334004008918880136
