0042200G000000000000000002000000000000300010000000
0000000000H000000000000000100000000000000000000000
40000000000000000000000000004100000300000000000003
00000000000310220000000000001100000000000000000000
00000030000000000000000000000000000000002000000000
00031000000000000300000000H0400I000000000000000000
00020000000000000000000000000000402000000000000000
40300000002000000000J00000000000010000000010000000
0000000000024000000000F000000000000000000000000000
40000000001000000000000000000400000000000000000003
J0000K00002002000000000000030000000000000020000000
00000000300000000000000000002000002020000000000000
00000000000000000000004002000000000000000010000000
0100000000000000000L000000000000000000000001000000
00000000000000000000000000000000000000000000000000
00054000100000000000000001000000000000000000000000
00000000000000000000000000000000030000000000004000
00000000000000000000040000000000000000000000000004
00000000000030000000000000000000000003000040000002
00000000000000000000004000000000030000000000031200
00000000000000000000000000000000000000000000000000
00000000000000000000000000000000020000000100000200
00000000020000000000000000000000000000000204000000
00000000000000000000000000002000020000000002000000
00000000000000000000000000000000000040000000000000
00000000000000000000000000000003000000000400000030
00000030000000000000000000000000010000000000000000
00000000000000000000000000000040000000000000003000
00000000000003000000002000000300000000000000000000
000000000000002F0000000000000000000000000003000004
00000000000000000000000000000000003000000000000002
00000000002000000000000001000000000040000000000300
00000000003030000000000000200000000000000000000000
01000001000000000000000000000000000020000000000020
00000000000000000000000000000040000000000000000000
00000000000000000000000000000000000000000000000000
00000000030004000E00000000000000000000000000000000
00000000000000000000000000000000000000000000000000
000000000I0000000000000000000000000000000000000000
000000000000000000000000000000000000I000000000I000
30000G00000000000000000000000000000000000000000000
000000000000000000F000000000000G00K00000D000030000
00000000000000000000000000000000000000000000000000
00010000024000000000000000000000000000000000000400
02000000000000000000000000000000000000000000000000
0200000000000000200000000000000000000000F000000000
00000000000000000000000000000000000000I00000000000
00000000000000000000000000000000E00000000000000200
0000000000000030000000000000000D030000000000IJ0020
99888879599475988888998399785677549344609918886636
