00000002040000000004000000000000000000000000000000
14000000000000000003000000000100000000000000000002
00300000000101000000000000040000300000000000000100
00000400000000000000000000000000000030000000000000
00000000000000000L00000000000000000000000000002000
2000000000000000000000000014000000H000000000000000
50000000310000000004000000000000000000000000000000
00000000000000010000000000000000000000000G00000000
00000200030000000000000000004000000000000000000000
00000030000000000000000000000000000000000000000000
00000000002040000004000030000000000000000000000000
00000000000000000000002000000000000000000000000000
00000000000000000000000000000000400000000000000000
00000000000000000000000000000000000000000000000100
0000000000300N000000000000000100000000000000000000
00000000000000000000000000000000000000420000000000
00000000000000000200000000000000000000010000000000
00000000000000000000000000000000000000000010000000
30000000000000000100000000003000000000000000000000
30000000000000000001000000000000000000000000010010
40400000020000000000000000000000400040000000000000
00000000000000030000000000000001000000000002000000
00000200000000000000000000040000000000000000000000
00000022000000000000000000000000000000000000000400
00000000000000100000000000000000000000000000000200
00000000000100000000020000000000000000000000000000
00300000000000000000000000000002000000000000000000
00000000000000000000000000010000000000000000000000
00000000000002000000000000000002000000000000030000
00000000000040000000000030000000000000000000000000
00000000002000000002000000000000000000040000000000
00000000000000020000000H00000000000000000000000000
00000400000000004000000000000000000000000000040000
020000000000000000000000000000000000200000000H0000
00000000000000000000000000000000000000000000000000
00000000000000000000000000000000000000000000000000
00000000000000000000000000000000000000000000000000
00000000000000400000000000000000000000000000000000
00000000000000000000000000000000000000000000000000
00000000000000000000000000000000400000000000000000
000000000G0000003000000000000000000000000000000000
000000000000024000000000000000030000000000000L0000
00000000000000300000000000000000000000000000000000
0000000000000000004000000000030400000000000E000000
0000000000000000000000000000000000000000000G000000
00000000000000000010000000000000000000000000000600
00000000000000000000000020000000000400000000000000
00000000000000000000010010400000000000000000000000
00000000000000000200000000000000000010020000004000
99988879599699998888998399788697549395609948889636
