0E000000000000030000000000000000000000001020000000
00000000000000000000000000000000000000000000000000
00000000000004000000000000000000000000000000000000
00000000000000000000000000000000000000000000000001
00000000000000400000000000000000000000000000000000
00000000000000000020000000000200000000000000000000
00000000000000000003000000000230000000000000001000
04000000000000000000000000G00040000000000000000000
00000000001000000000000000000000000000000000004000
00000000000000000300000000000000033000000000000000
0000000000D000000000000000000000000000000000000000
000000C0000000000330000000000000000000000000000000
00000000000000000000000000000000000000000000000000
00000000000000000000000000000000010000000020000000
00000000000000000000000002000000000000000000000000
00000000000000000000000000000000000000000000000000
00000000000000000000000000000000030000000000000002
0000000000000000000000B000004000010000000000000000
13010000000000030000000000000000000000000000000001
00000000000000000000000000000000230000000000000000
00000000000000000000000000000000020004000003000000
0F000000000000000000000000000000400010003000000100
01040000001000000000000000000000000000000000000000
00000000000000000000000000000000000000000000000000
00000000000000200000000000000000010000000000000000
000140000000000000000000004000000000000000000G0000
000000000000E0000000000000000000000000000000000000
00002000000000000000000000003000000000000000000000
00000000000000000000000002000000000000000000000000
0000004000000004000000002300000000000000000L000000
00000000000000000000000000000000010000000000000000
00400000000400000000000000000000000000000000000000
00000000000000000000000000000004000000000000000000
00000000000000000000000000200000000400000000000000
00000000000000000000000000000000400000000000000000
00003000000030000000000000000000000000000000000300
00000000000400000000000000000000000000000000000010
0000200000000000000G000000000000000000000000000000
00000000000000000000000000000030000200000000000000
00000000000000000000000000001000000000000000400000
00000000000000000000000000000000000000000000000000
000E0000000000000000000000020000000000000000000000
30000000000000000000000000000000000000G00000000000
00000000000000000000000000000044000000000000000B00
000000000023000100000000000I0000000000000000000000
00000000030000000000000000000000000000000000020000
00000000000000000000000000000000000000000000000000
00000000000000000000000000000000000000000000000000
00000000000000004000000000000000000000200000000000
99888879599675988888998399785677549395609918889636
