00000000000000000000000000000000000000000001000000
00000000000000000000000000000000000000000000000000
00000000000010000000000000000000000000030000000000
000E0000000000000001000000000000000000000000004000
00000400000000000000000000000000002000000000000000
00000000000000000000000000000000000001000000000000
00000000000000000000000000000000000000000000000000
00000004000000000000000000000000030000000100000000
00000000000400000000000000000000000000000001000000
00000000000000000000000000000000200000000000000000
20000000000000000000000000000000000000000000000000
00000000000000000000000000000000000000000000000000
00000000000404000000000000000000000000000000000000
00000000000000000000000000000000000000000000000000
00000000000000000000000000000002000000000000000000
000F0000000000000000000000000000000000400000000001
00000000000000000000000000000000004001000000200000
00000000000000000000000000000100000000000000000000
00000000000002000000003000000000000000000000010020
00000000000000000000000000000000000000000300000000
00000000000000000000000000000004000000000104000000
00000000000000000000000000000000000000000000000000
0000000000400C000000400020000000000000000000000000
00000000000000000000000000000040000000000001000000
00000000000000000000000000000000000000040000000000
00000000000002000000000000000000000000000000000000
00000000000000004000000040000000000000100000000000
00000000000000000000000000000300000000000000000000
00000000000010000000004000000000000000000000000000
00000000000000000000000000000000000000000000000000
A0000000000000000000000010000000000000000000000000
0040000000030000000000000004000600A000010000000000
00000000000000000000000000000000000000000000000100
00000000000000000000000000000030000000020000000000
00B040000F0000000000000000000010000000000000000000
00000000000000000000000000000000000000000000000000
00000000000000000000000000000000000000000000000000
0011000000000000E000000030000000000000000000000000
00000000000000000000000000000000000000000000000004
60000000000000200000000000000000G00000000000000404
0001000E000000000000000001000000000003000000000020
50000000000001000004020000000000000000000000001000
40000000000004000000000000000000000400000000003401
04000020000001030040000000000000030000000000000000
00020000000J0004002000I020000B00300000000000000002
003600327000000004000000000000G0000B00000000000000
4000107020000300000000000000100000000B000000000000
05404001405000000000001000000000000000000000000102
30000002000040000000000000000000000000000000000000
97768838397475946888982299344564434004009918882436
