00000002040000000000000000000000000000000000000000
14000000000000000000000000000000000000000000000002
00300000000100000000000000040000000000000000000100
00000400000000L00000000000000000000000000000000000
000000000000000000000000000000000H0000000000002000
00000000000000000000000000140000000000000000000000
00000000300000000000000000000000000000000000000000
000000000000000100000000000000000000B0000000000000
00000200000000000000000000004000000000000000000000
0000000000000000000000000000000000000000000G000000
00000000002040000004000030000000000000000000000000
00000000000000000000002000000000000000000000000000
00000000000000000000000000000000000000000000000000
00000000000000000000000000000000000000000000000100
00000000003000000000000000000000000000000000000000
0000000000000N000000000000000000000000420000000000
00000000000000000000000000000000000000010000000000
00000000000000000000000000000000000000000010000000
00000000000000000100000000000000000000000000000000
30000000000000000000000000000000000000000000000000
40400000020000000000000000000000000040000000000000
00000000000000030000000000000000000000000002000000
00000000000000000000000000000000000000000000000000
00000002000000000000000000000000000000000000000400
00000000000000100000000000000000000000000000000000
00000000000100000000020000000000000000000000000000
00300000000000000000000000000000000000000000000000
00000000000000000000000000000000000000000000000000
00000000000002000000000000000002000000000000000000
00000000000000000000000030000000000000000000000000
00000000000000000002000000000000000000040000H10000
00000000000000020000000000000000000000000000000000
00000000000000000000000000000000000000000000000000
02000000000000000000000000000000000020000000000000
00000000000000000000000000000000000000000000000000
000000000000000000000000H0000000000000000000000000
00000000000000000000000000000000000000000000000000
0000000000000G000000000000000000000000000000000000
00000000000000000000000000000000000000000000000000
000000N0000000000000000000000000400000000000000000
00000000000000003000000000000000000000000000000000
000000000000024000000000000000000000000000E003000L
00000000000000000000000000000000000000000000000000
000000000000000000400000000003040000H0000000000000
00000000000000000000000000000000000000000000000000
00000000000000000000000000000000000000000000000600
00000000000000000000000020000000000000000G00000000
00000000000000000000010010400000000000000000000000
00000000000000000000000000000000000010020000000000
99988879599699998888998399788697549395609948889636
