00000000000000000200000000000000000000000001000000
00000000000000000000000000000000000000000400000000
00000000000010000000000000000000000000030000000000
00000000000000000001000000000000000000000000004000
0000E400000000000000000000000000002000000000000000
00000000000000000000000000000200000001000000000000
00000000000000000000000000000000000000000000000000
00000004000000000000000000000000030000000100020000
00000000000400000000000000000000000000000001000000
00000000000000000000000000000000200000000000000000
20000000000000000000000000000000000000000003000000
00000000000000000000000000000000000000000000000000
00000000000404000000000100000000000000000000000000
00000000000000000000000000000000000000000000000000
0000F000000000000000000000000002000000000000000000
00000000000000000000000000000000000000400000000001
00000000000000000000000000000000004001000000200000
00000000000000000000000000000100000000000000000000
00000000000002000000003000000000000000000000010020
00000000000000000000000000000000000000000300000020
00000000000000000000000000000004000000000104002000
00000000000000000000000000000000000000000000000000
00000000004000000000400020000000000000000000000000
00000000000000C00000000000000040000000000001000000
00000000000000000000000000000000000000040000000000
00000000000002000000000000000000000000000000000000
00000000000000004000000040000000000000100000000000
00000000000000000000000000000300000000000000000000
00000000000010000000004000000000000000000000000000
00000000000000000000000000000000000000010000000000
00000000000000000000000010000000000000000000000000
A080000000030000000000000004000600A000010000000000
00000000000000000000000000000000000000000000000100
000000000F0000000000000000000030000000020000000000
0B004000000000000000000000000010000000000000000000
00000000000000000000000000000000000000000000000000
00000000000000000000000000000000000000000000000000
00110000000000000000000030000000000000000000000000
000000000000000E0400000000000000000000000000000004
60000000000000200000000000000000000000000000000404
0001000000000000000000000100000G000003000000000020
5040000E100001000004020000000000000000000000001000
40000000000004000000000000000000000400000000003401
040000200000J103004000I000000000030000000000000000
0002000000000004002000002000B0003000B0000000000002
00360032700000000400000000000G0000000B000000000000
40001070200003000000000000001000000000000000000000
05404001405000000000001000000000000000000000000102
30000002000040000000000200000000000000000000000000
97768838397475946888982299354564434004009918882436
