00000000000000100300000001100000000000000000B00000
010000000E0000000000000000000000000000000000000000
00000000000000000000000000000000000000000000000000
1000000000000000H000000000000H00000000000000000000
0H000000000000000000000000000003000000000000000002
02000000000000000000000000400000000000000B00000000
00000000000000000000000000000000000000G00000000000
00200000400000000000000000000000000000000000000000
00000000000000003000000000000010000000000000000000
00000000000000000000000300000000000000000000000000
00000000000000000000000000000000000000000000002000
00000000000000000000000000000000000000000000003000
0000000000000G00000000000000000000G000000000000000
0000H0000000000000000000000000000H0000000000000000
00010000000200000000000000000000000000000000000000
000B0000000000000000000000000000F00000000000000000
00000000000000000000000000000000000000000E00300000
00000000000000000000000030000000000000000000001000
00000000000000000000000000000000000000000000001000
00H0000000020000000000000000F0000000000E0000000040
00H0000000000000000000000000000000J000000000100001
00000000000000000000000002000000000000000000002100
0000000000000000E000000000000000000000002000003000
0G000000000400000000000000000000100000000000000040
000000000400000000000000000000000G0F00000000300040
00000000000000000000000010000000000000000000010000
00000000000040000000000000000000000000H00000000000
00000400000000000000000000000000000000000000000000
00000000000000000000000000000000000000000000000000
00000000000010000000000000000000000000000000000000
00000002000000000000000000000000000010002000000000
000001000000000B0000000000000000000000042600000000
00000000000000000000000400000000000000000040000000
00000000000000000000000000000000000000000000000000
00000000000000000000000000000000000000000000000000
00100000000000000000000000000000010000002000010000
00000000000000000000000000000000000000000000000000
30000000000000000002000000000000000000000000000000
00000000000000300000400100000000040000000004000000
00100000000000000000000000000000000000000000000000
00000000000000000000004500000000000000400000001000
00000000000000000000000000000000300000000000000000
00000000000021000000000000000000000000000000000000
00000000000000000000000000000000000000000000000000
00000000000000000000000000000000000400000000000100
00000000000200000000000000000000000000000000000000
00000000000000000000000000000000000002000400000000
0000040000000000000000000000I000002000002003000000
20000000000000000010000000000000000000000010000040
99888879599679988888998399785697549395609948889636
