00000300000000000000000000000000000000000200200000
0000000000000000000000020000000000000E000100000000
00000000000000000000000000000000000000003000000000
00000000E00000000000004000000031000000000000000000
00000000000000000000000000000300000000000200000000
0G000000000300000000000002000300000000000000000002
00000000000003000000000000000000300000000000000000
00000000000000000000000000000000000000000000004000
00020000000000002000000000000000000000000000000000
000400000000000000000000001E000000002000E000000000
00000000000000000000000000000000000000000000000000
02000000000000000000000000000000000040000000000000
00000000000000000000000000000000000000000000000000
00000000000000000000000000000000000000000000000000
000000000000000000000000000000000A0030000000000000
0000000000000000F000000000000000000000000000000020
00000000000000000000000000000000000400000000000000
43000000000000000000000000000000000000000000000000
00000000000000000000202000000000000000000000000000
30200000000000000000000000000C00000200000000000000
00000100040000000000000000000000000000000000000030
00000000000000000000004000000E0000000000000000D000
00000000000000000000000000000000002000000040000000
00000000000000000000000000000000000000000000030300
00000000000000000000000000000002000000000000000000
00000000000000000000000000000000000000000000000000
0H000000000000000000000000000000000000000000000000
0000100000000000020200000000000H000000000000000000
00100000000000000200000000000010000000B00000002000
00000000000000000000E00000200000000000000000030000
00000000020000000000000000000000000000000000000002
0F004000000000000000000000000000000000000000000000
02000000003000000000000000000000000000000000000300
00000000000000000000000000000000000000000000000000
00002000000000000000000000000000000000000000000000
00000000000000000000000000000000000000000000000000
00000000000000000000000000000000000000000000000000
00000000000000000000000000000000000000000000000000
00400000000000000000000000060A000000000000000000H0
40000000000000000000000000000000000000000000004000
00000000000000000000002000000000000000000000000002
40000000000000000000000000000000000000000000000000
000000000D00000000A0000000000000000000000000000000
00000000000000004000000000000000000000000000000000
00000000000000000000000000000000H00000000000000200
00000020000000000000000000000000000000000000080000
00000000000000000000000000000000000000000000000000
00000000000000000300000400400200000003E0F000000031
0F003000002000000000000400000000000000000000003100
97788839599475986888992299584567437304609918882436
