00000000040000000000000000000000000000000000000000
100000000000000000000000000000000000K0000000000002
0030000000010000000000L000040000000000000000000100
00000400000000000000000000000H00000B00000000000000
00000000000000000000000000000000000000000000002000
0000000000000000000000000014000000000J000000000000
00000000300000000000000000000000000000000000000000
00000000000000000000000000000000000000000000000000
00000000000000000000000000000000000000000000000000
00000000000000000000000000000000000000000000000000
000000000020400000040000300000000000000000E0000000
000000000000000000000020000000000000000000G0000000
00000000000000000000000000000000000000000000000000
00000000000000000000000000000000000000000000000100
00000000000000000000000000000000000000000000000000
0000000N0000000000000000000000000000004200000D0000
00000000040000000000000000000000000000010000000000
00000000000000000000000000000000000000000000000000
00000000000000000100000000000000000000000000000000
30000000000000000000000000000000000000000000000000
00400000000000000000000000000000000040000000000000
00000000000000030000000000000000000000000000000000
00000000D00000000000000000000000000000000000000000
00000002000000000000000000000000000000000000000000
00000000000000100000000000000000000000000000000000
00000000000000000000000000000000000000000000000000
00000000000000000000000000000000000000000000000000
00000000000000000000000000000000000000000000000000
00000000000002000000000000000000000000000000000000
00000000000000000000000030000000000000000000000000
00000000000000000002000000000000000000000000010000
00000000000000020000000000000000000000000000000000
00000000000000000000000000000000000000000000000000
00000000000000000000000000000000000020000000030000
00000000000000000000000000000000000000000000000000
00000000000000000000000000000000000000000000000000
0000000000000000G000000000000000000000000000000000
0000N000000000000000000000H0000000000000000H000000
00000000000000000000000000000000000000000000000000
00000000000000000000000000000000400000000000000L00
00000000000000003000000000000000000000000000000000
00000000000002400000000000000000000000000E00000000
00000000000000000000000000000000000000000000000000
00000000000000000040000000000304000000000000000000
0000000000000000000000000000000000000H000000000000
00000000000000000000000000000000000000000000000200
00000000000000000000000020000000000000000000000000
00000000000000000000010010400000000000000G00000000
00000000000000000000000000000000000010021000000000
99988879599699998888998399788697549395609948889636
