00000000000000000000000000000000000000000000000000
00000000000000F00000000000000000000000000000000000
GE000000000010000000000000000000000000030000000000
00000000000000000001000000000000000000000000004000
00000000000000000000000000000000000000000000000000
00000000000000000000000000000000000001000000000000
00000000000000000000000000000000000000000000000000
000E0B04000000000000000000000000000000000100000000
00000000000400000000000000000000000000000001000000
00000000000000000000000000000000200000000000000000
00000000000000000000000000000000000000000000000000
00000000000000000000000000000000000000000000000000
00000000000404000000000000000000000000000000000000
00000000000000000000000000000000000000000000000000
00000000000000000000000000000000000000000F00000000
00000000000000000000000000000000000000400000000001
000F0000000000000000000000000000000001000000200000
00000000000000000000000000000000000000000000000000
00000000000002000000000000000000000000000000010000
00000000000000000000000000000000000000000300000000
00000000000000000000000000000004000000000100000000
00000000000000000000000000000000000000000000000000
0000000000000000C000400000000000000000000000000000
00000000000000000000000000000040000000000001000000
A0000000000000000000000000000000000000040000000000
00000000000002000000000000000000000000000000000000
00000000000000004000000000000000000000100000000000
00000000000000000000000000000300000000000000000000
00000000000010000000000000000000000000000000000000
00000000000000000000000000000000000000000000000000
00000000000000000000000010000000000000000000000D00
00400000000000000000000000040003000000000000000000
000000000F0000000000000000000000000A00000000000100
00000000000000000000000000000030000000000000000000
00004000000000000000000000000010000000000000000000
00000000000000000000000000000000000000000000000000
00000000000000000000000000000000000000000000000000
B0100000000000000000000000000000000000000000000000
00000000000000000000000000000000000000000000000004
60000000000E00000000000000000000000000000000000404
0001000E000000000000000001000000000000000000000020
500000000000000000040200000000000000000E0000001000
4000000000000400000000000000G000000000000000003401
04000020000001030040000000I00000030000000000000000
00020000000J000400000000200B0000000000000000000002
00360002700000000200000000000000000B00000000000000
40000070200003000000000000000000000000000000000000
05404001405600000000001000000000000000000000000102
300000020000100000000000000G000000000B000000000000
97768838397475946888982299344564434004009918882136
