00000000000000030000000000000000000000001020000000
00E00000000000000000000000000000000000000000000000
00000000000004000000000000000000000000000000000000
00000000000000000000000000000000000000000000000001
00000000000000400000000000000000000000000000000000
00000003000000000020000000000G00000000000000000000
00000000000000000003000000000230000000000000001000
04000000000000000000000000000040000000000000000000
0000000000K000000000000000000000000000000000004000
00000000000000000300000000000000033000000000000000
000000C0000000000000000000000000000000000000000000
00000000000000000330000000000000000000000000000000
00000000000000000000000000000000000000000000000000
00000000000000000000000000000000010000000020000000
00000000000000000000000002000000000000000000000000
00000000000000000000000000000000000000000000000000
00000000000000000000000000000000030000000000000002
00000000000000000000000000004000010000000000000000
1301000000000003000000B000000000000000000000000001
00000000000000000000000000000000230000000000000000
00000000000000000000000000000000020004000003000000
F0000000000000000000000000000000400010003000000100
01040000001000000000000000000000000000000000000000
00000000000000000000000000000000000000000000000000
00000000000000200000000000000000010000000000000000
000140000000000000000000004000000000000000000G0000
00000000000000000000000000000000000000000000000000
000020000000D0000000000000003000000000000000L00000
00000000000000000000000002000000000000000000000000
00000040000000040000000023000000000000000000000000
00000000000000000000000000000000010000000000000000
00400000000400000000000000000000000000000000000000
00000000000000000000000000000004000000000000000000
00000000000000000000000000200000000400000000000000
00000000000000000000000000000000400000000000000000
00003000000030000000000000000000000000000000000300
00000000000400000000000000000000000000000000000010
00002000000000000000G00000000000000000000000000000
00000000000000000000000000000030000200000000000000
00000000000000000000000000001000000000000000400000
00000000000000000000000000000000000000000000000000
00000000000000000000000000020000000000000000000000
30000000000000000000000000000000000000000000000000
000000000000000000000000000000440000000G0000000000
000E000000230001000000000I000000000000000000000000
000000000300000000000000000000000000000000000200B0
00000000000000000000000000000000000000000000000000
00000000000000000000000000000000000000000000000000
00000000000000004000000000000000000000200000000000
99888879599675988888998399785677549395609918889636
