20000000020001000000000000000000000000000001200000
00000000000000200000000200000000000000000000000000
20010000000200000000020300000000000000000000000000
21200010000000000200000004000000000000000000000000
00040000000004200000000000000000000000000000000000
01002000000100000000000000000100000000000000000000
20040010000040000000000000000000000000000000000000
00000000000000040000020300000000000000000000000000
000000000020323004100000C0000000000100001000403000
01000300200003400000100000000000000000000000000000
00000420000000000000000000000000000000000000000000
0000000007004010000000D000000000030000000000000000
01001003000010004000000000000000000000000000000000
00410000000010100000000000000000000000000000000000
02000000030000000000A00000000000000006000000000000
0040000000020000000000000000000000000003000000E000
0000000000000000000F000000000000000000000000000000
00040400003000000000000000000000000000000000000000
00000010E0000F40B000000000000000000000000000000000
00000000000000000000020000000000000000000000000000
00000000000000000000000000000000000000000000000000
02000000000100000000000000000000000000000000000000
00000000000000000000000000000000000000000000000000
E0000000000000000000000000000000000000000000000000
00000000002000000000000003000000000000000000000000
00000000000000000000000002000000000000000000000000
00040000000000000000000000000000000000000000000000
000000000000000000A0000000000000000000000000000A00
00000000000000000000000000000000000000000000000000
00430000000000000000002000000000000000000000000000
00000000000000000000000000000000000000000B0A000000
00000000000000000000000000000000000000000000000000
000000000000000000000000000000000000000000000000C0
20000000000000000300000000000000C00000000000000000
00000000000000000000000000000000000000000000000030
00031A0000000000000000000000000000000000000E000040
01000000000000000000000000000000000000D00000000000
03000000000000000000000000000000000000G00000000084
00000100030000000000000000000000000000000000000234
0200000000000000003000000000000B0B00CB000400000000
21000003000000000000000000000000002000007000000002
10000040000000000000000000000000000000200000053000
00000000000000000000000000000000000000400000240222
400003003000050000000000000000000000A0003013010203
00002000000001000000000000000000000000000000410305
0400000000020000000020000000000000000003C000304000
000000000021000000000000000000000000000500E4006000
00200000000200000000000000000000000000006000016300
0400240400000000000000000000000E0000000B0001002330
77668807087265626743972117044560314000004218770104
