00000000040000000000000000000000000000000000000000
14000000000000000000000000000000000000000000000002
0030000000010000000000L000040000000B000K0000000100
000004000000000000100000000000H000000J000000000000
00000000000000000000000000000000000000000000002000
00000000000000000000000000140000000000000000000000
00000000300000000000000000000000000000000000000000
00000000000000000000000000000000000000000000000000
00000000000000000000000000004000000000000000000000
0000000000000000000000000000000000000000000E000000
00000000002040000004000030000000000000000000000000
000000000000000000000020000000000000000000G0000000
00000000000000000000000000000000000000000000000000
00000000000000000000000000000000000000000000000100
00000000000000000000000000000000000000000000000000
00000000000000000000000000000000000000420000000000
00000000040000000000000000000000000000010000000000
00000000N00000000000000000000000000000000000000000
00000000000000000100000000000000000000000000000000
30000000000000000000000000000000000000000000000000
00400000000000000000000000000000000040000000000000
00000000000000030000000000000000000000000002000000
00000000000000000000000000000000000000000000000000
00000002000000000000000000000000000000000000000400
00000000000000100000000000000000000000000000000000
00000000000000000000000000000000000000000000000000
00000000000000000000000000000000000000000000000000
00000000000000000000000000000000000000000000000000
00000000000002000000000000000002000000000000000000
00000000000000000000000030000000000000000000000000
00000000000000000002000000000000000000040000010000
00000000000000020000000000000000000000000000000000
00000000000000000000000000000000000000000000000000
0000000000000000000000000000H000000020000000030000
00000000000000000000000000000000000000000000000000
00000000000000000000000000000000000000000000000000
0000000000000000000000000000000000000000000H000000
0N000000000004000G00000000000000000000000000000000
00000000000000000000000000000000000000000000000000
0000000000000000000000000000000040000000000E000L00
00000000000000003000000000000000000000000000000000
00000000000002400000000000000000000000000000000000
00000000000000000000000000000000000000000000000000
00000000000000000040000000000304000000000000000000
00000000000000000000000000000000000000000000000000
000000000000000000000000000000000000000H0G00000600
00000000000000000000000020000000000000000000000000
00000000000000000000010010400000000000000000000000
00000000000000000000000000000000000010020000000000
99988879599699998888998399788697549395609948889636
