000000000000000A0000A00000110000000402040001210011
00100000000000000000000010100000030000504231011100
00000000000000000000511001000000000000400141031111
00000000000000000000010070090000000000001100000400
00003000000010000020101110101000000000010020012000
00000000000000000000000400002000000000000000241100
00000000000000000000100000010000000000000001011010
00000000000000000001200000000000000000000001110122
000000000000000030000000A0000000000000000001001100
00000000000000000000020000000000000000000400100400
0000000000000000110A100000000100000000000011411101
00B000000000000044500000A0000000000000000110000103
00000000001000000000000000000000000000000002000130
00000000000000000000000000000000000000000105010301
00000000000000000000000000000000000000020000000014
0000000000100000A000A000000000000000000000032021A0
20000000031000000000000000000000000000000004000000
00000000000000000000000000000000000000000000100101
00000000000000000000000000000000000000000000001130
0000000000000000000A000A00000000000000010000000400
000000000000000000000000000000300000005200A0111001
00400000200000010000000000000000000001100100000101
00000000000000000040000000000000000000000001001002
0000000000000A000030000000000000000001000000201110
0000002000000000000000000000000000001000A110000000
00000003000000000000000000000000000000000024000002
00000000000000000000000000000000000000000000000111
00000000000000000000000000000000000000000000000004
00001000000000000000000000000000000000200A03020000
00000000000000000000000400000000000000000000000000
00000000000000000000000000000001000000003000000000
0000000000000200000000000000000002030000003A000000
0000000000000000000000000000000000000000000A000000
00000000000000000000000000000000000000000000000000
00000030000000000020000000000000000000000000000000
00000000000000000000000000000000000000000000000000
00030000000000000000000000000000000000000000000000
00000000000000000000004000000000000000000000000000
00000004000000000000000000000000000000000000000400
010000000000000A0000000000000000000000000000002400
00000020000000000000000000000000000000000000004000
00000000000000000000000000000000000000000000000200
000C0000000000000000000000000000000000000000000000
00000000000000000000000000000000000000001000000000
00000000000000000000000000000000000000000070100004
00000000000000000000000000000000000000000020000000
00000000000000000000000000000000030000004000020000
00000000000000000000000000000000000001000000030000
A0000000000020000000000000000000000101408040000000
02415500050100114100101400000101110030140010000000
