004400000000000000000000000000G0000000000000000000
70000000000000400000000000000000000000000000000000
02000000000000000000000000000000000000000000000000
04300000000000000200000000000000000000000000000000
04000000000000000000000000000000000000000000000020
10000000000000010300000000000000000000000000030000
03000000000000000000C00000000000000000000000000000
0200000000000000000000000000000000000000000G000000
00000000000000000000000000000000000000000000000E00
00000000000000000000000000000200000000000000000000
000000100000000060000000000000000003000000000000B0
00000000000000000000000000000000000000000000000000
00000C0000000000000000000000000000000000000C000000
00000000000000000000000000000000000000000000000000
00H00000000000000040000000000000000000000000000000
00000000000000000000000000000000000000000000000000
000000000000000000000000000050000A0000000000000000
00000000003000000000000000000000000000000000000000
00000000200000000000300000000000000000000000000002
0000000000000000000000000000000H000100000100000000
00000000000000010000000000000000000000000000000000
00000000000000000000000000000000000000000000000000
00000020020000000000000000000000000000000000000000
00000000000400004000000000000000000000000000000000
00002000000000000000000000000000000000000000000000
00000000000000000000000000000000000000000000000000
020000000000200220000000000000000000A0000000000000
30010000000000000000000000000000000000000000000000
00000000000000000000000000000000000000000000000004
00000000000000000000000000000300000000000000000000
00000000000000000000000000000000000400000000000000
40000000000000000004000000000006000000000000000002
00000000000000000000000000000000000000000000004000
00000000000000000000000000000000000000000000000000
E000000000000000000000004000000000G000000000000000
00000000000000000000000000000000000000000000000000
00000000000000000000000000000000000000000000300400
0000000020000G000000000000000000004000000000000430
0000000000000000000000000000000000300B000000000000
00000000000000000400000000100000000000000000000004
00040000000030000000000000000001000000000000000010
0000000000000000000000000000000000000000000000000I
00000000000000000000000E00000000403000000000000000
00000000000000000000000300000500304000010000000000
00000000000000E00000000000020000300000000000000000
00600000000000000000000000000001000100600000400000
00000000000000000000000000000000000040000030000000
00000B0000000000000000CD00000H01000040000000000010
000000000000000000000000000000G0000000000300F00400
77668808397275646785982219044560334004004618780134
