00000000000000000000000000000000003000000000000000
0120000000000000000000C000000000000400000000030000
04000000200000000000003000000000001020000000000000
00000000000000000000000000000000000000000000000000
20002000000000000000001000000000010000000030000000
00400002000000000000000000100000000002000000000000
00000400000000000000000000000000000000001000000000
00000000000000000000000000100000000000000000000000
00000000000003000000002200000000000000002000000000
000100000000000000000000000000000000000000DC000000
00000000000000000000000000000000000F00000000000000
00000003100000300000000000040000000000000000000000
000000000000000000000001010000B0000000000000000000
00000002000000000G00000000000000000000000000000000
00000010000000000020000000000000000000000000000000
00400000001000G0000000000000000000000000000000E000
03000000000000000000000000000002000000000000000000
000000B000D000000400000000000003000000000000000000
00000000000000000000000031000000000000000000004200
44000000000000000000000000000000000000G00000000000
00000000000000000000000000000001000000000000020000
00000000000000000300000000000000000004000000010000
00000000000000000000000000000000200000000000000001
00000000000000000000010000000000000000000000000000
00000000000000000000000000000000000000000000000030
00000000000003000000002000000000000000000000000000
0000000000000000000000000000000000000000000H000104
00000000000000000010001000004000000000000000000000
0000000000000000000000000000000000000000I000000030
00200000000000000000000000000000000200000000000000
00000000000000000000000000000000000000000000000000
00000000000000000000000000000000000000000000000000
00000000000000000000000000000000000000000000000000
00000000001000000000000000000000000040030000000001
0000000000000000000000000000000000000000000000I000
00000000000000000000000000000000000000000000000000
000000000003000000000000000000200000000000000000D0
00000000000000000000000300000000000004000000000000
0000000001000000000000000000001000000000000F001100
00000000001000000000000000000000000000000000010000
03000000000000000000000000000000000300000000000000
20000000000000000000000000000000000300000000000000
00000000000000000000000000000000000000000000000000
00000000000001002000000000000000000001400000000000
00000000000000000000002000000000000000000000000000
00000000000000000000000000000000034000000000000000
00000000000000000000000000000000000000031300000000
00000000000000000000000000000000003000000000000000
00000000000000000000000000000000000000000000000020
99788839599475986888996399785677449304609918882436
