00440000000000000000000000000000000000000000000000
70000000000000400000000000000000000000000000000000
03000000000000000000000000000000000000000000000000
04300000000000000000000400000000000004000000000000
04000000000000000C00000000000000000000000000000020
10000200000000010002000000000000000000000000030000
03000000000000000000000000000000000000000000000000
0200000000000000000000000000000000400000000000E000
0000000000000000000000000000000001000C000000000000
00000000000000000000000000000200000000000000000000
00000000000000006000000000000000000300000000000000
00000000000000000000000000000000000000000000000000
00000000000000000000000000040000000000000000000000
00000000030000000000000000000000000000000000040000
00000000000000000040010000000000000000000000000000
0000000000000000000000000000000000H000000000000000
00C00000000000000000000000005000000000000000000000
0000000H003000000000000000000000000000000000000000
00000000200040000000300000000000000000000000000002
00000000000000000000000000000000000100000100000000
00000000000000010000000000000000000000000000000000
00000000000000000000000000000000000000000000000000
00000020020000000000000000000000000000000000000000
00000000000400004000000000000000000000000000000000
20002020000000000000000000000000000000000000000000
00000000000000000010000000000000030000000000000000
02000000000020022003000000000000000000000000000000
30010000000000000000000000000000000000000020000000
00000E000000000000000002000000000000000A0000000004
00000000000000000000000000000300000000000000000000
00000000000000000000000000000000000400000000000000
40000000000000000004000000000006G00000000000000002
00000000000000000000000000000000000000000000004000
00000000000000000000000000000000200000000000200000
00000000000000000000000040000000000000000000000000
0000000000000000000000000000000000000400000000000I
00000000000000000000000000000000000000B00000300400
00000000200000000000000000000000004000000002000400
00000000000G00000000000000000000003000000000000000
00000000000000000400000000100000000000000000000004
0004000000003000000000000E000001000000000000000010
00000000000000000100000000000000000000000000100000
00000000000000000040000000000000H03000000000000000
00000000000000000000C00000000500004000010000000000
00000000000000000000000000020000000000000000000000
00600000000000000000000000000000000100600000400000
00000000310000000000000000000000000040000030000000
000B0000000000000000000000000G000000F0000000000010
00000000000000000000000000000000000000000000000400
77668808397275646785982219044560334004004618780134
