00440000200000010000000300000000000000000000000400
70000040000000800000000000000000000000000E00000000
0300000004000000000E00000000000E000000000000000000
0430000000000000000C000000000000000000003000000000
04000000000200040000000000000000000003000000000040
10001200000300000000000000000000000000010000040000
03004010000000000000000000000000000000004000000000
02000020000000000000000000000000000000000000000000
000000E0000000000000000004000000000000000000000000
0000000000000000A000000000002400000G00000000000300
21000000000000005000040000000000000000010000000004
040030000000000000000E0030000000000000000000000000
00004000000030000000000000040000000000000000000000
00040000000000000000000000000000000000000000000000
03300440000000000040050400002000030001000000000000
00100000003000000000000000000000000000000000000000
40000000000000040000000010005000000000000000000000
0000000000000000E000000000000000000000000000004000
00000000000000000000300040000000000000000000000000
01000000100000000000020000000000000000000000004000
0000000000000010000000000000000G0000E0300000000000
040300000000000000000000000000000000000200000000D0
000000020000000000000000000000H0000100000000000000
00110000040000000000000000004000000000000200000000
200020000000000000000000000C0000000E0000000F100000
30000000000000200030000000000000030000000000000000
02010330000000100000000000000000000000000000000000
30020000000300000000000000000000000000000000000000
00000000000010010000000000000000000000004000000000
00003020000000000000040000000020000001000000000000
01000130000000000300000001000000000400000000000000
700400000000000000040000000000A6400000001000000000
02000000000000000000000000000000400000000000000004
00000000000000000000000000400000000000040000000000
000010000000B00000000000F0000000000000000000000000
00000000000001H0000010004000000000000800000000I000
00000000001000000000000000000000000000000000000000
0000B000000000000000000000000000000000000000000000
00000001000000000400010000000000000000000000000010
000000000000000000000000000000G0000000000000000000
01000000000300000000010010C00000000000000000002000
20000010000000000000000000000000000000000000000000
00000000000100000000000000000300000000040000000003
00000000000000000000000000000040000000000000000004
00000003000000400000000000000000000000000000000000
00000000000000000000000000000000000H00000000000000
00000000000000000000000000401000000000000000000000
000F000000000000000C00000000000000000000F000000080
00000000000000000000001000000000000000000000000400
77768808397275646785982219044560334004008618880136
