00000000000000000000000000000000000000000000000000
000000000000000F0000000000000000000000000000000000
00000000000010000000000000000000000000030000000000
00000000000000000001000000000000000000000000004000
GE000000000000000000000000000000000000000000000000
00000000000000000000000000000000000001000000000000
00000000000000000000000000000000000000000000000000
00000004000000000000000000000000030000000100000000
0000D000000400000000000000000000000000000001000000
00000000000000000000000000000000200000000000000000
00000000000000000000000000000000000000000000000000
000000000000000000000000000000000000000D0000000000
00000000000404000000000000000000000000000000000000
00000000000000000000000000000000000000000000000000
00000000000000000000000000000002000000000000000000
0000F000000000000000000000000000000000400000000001
00000000000000000000000000000000004001000000200000
00000000000000000000000000000000000000000000000000
00000000000002000000000000000000000000000000010020
00000000000000000000000000000000000000000300000000
00000000000000000000000000000004000000000100000000
00000000000000000000000000000000000000000000000000
00000000000000000000400000000000000000000000000000
00000000000000000000000000000040000000000001000000
00000000000C00000000000000000000000000040000000000
00000000000002000000000000000000000000000000000000
0A000000000000004000000040000000000000100000000000
00000000000000000000000000000300000000000000000000
00000000000010000000000000000000000000000000000000
00000000000000000000000000000000000000000000000000
00000000000000000000000010000000000000000000000000
0040000000000000000000000004000600000A010000000000
00000000000000000000000000000000000000000000000100
00000000F00000000000000000000030000000020000000000
00004000000000000000000000000010000000000000000000
0B000000000000000000000000000000000000000000000000
00000000000000000000000000000000000000000000000000
001100000E0000000000000000000000000000000000000000
00000000000000000000000000000000000000000000000004
600000000000001E00000000000000G0000000000000000404
00010000000000000000000001000000000000000000000020
50000000000000000004020000000000000000000000001000
40000000000004000000000000000000000400000000003401
040000200000010300400000I0000000030000000000000000
00020000000000040000000020000000300000000000000002
00360002700000000400000000B0000000000B000000000000
4000107020000300000000000000000000000000D000000000
05404001405J00000000001000000000000000B00000000102
300000020000400000000000000000G0000000000000000000
97768838397475946888982299344564434004009918882436
