10011111101011000001111000110100111010100001210011
101110010A0000001110101110111110010011100101011100
00100101010111101011111011101000011101000111011111
0A0000AA101000011110010000010010011010101100000000
010AA0A0011110000010101110101100001001010100010000
10001001002101001000100001001111110000001020101100
00000011001000111001110111110000001001110101011010
00011001000014111011101200111110000101101111110101
01000010110010101100011100100001010011010111001100
10000001112011100010110001000000040010010410100100
00110100001010111000131100000001010100110011011100
31010011020001311411404031100000000010110110000100
01010001110100101101110000000010010111010002000100
10010001101110000010011100001000111011100101010001
00000010013100010110011110100110110001000110000010
02011010201101000301100010001000000000000210110112
01401000011010000100111110000001011100000003000001
11001001100110000111101000000100100100110000100111
11101011001100000030100011000001011110101010101030
01100010000100000000010021104110110101111011100000
11000000100010110110001001111000100000500000111001
11100000000001111100011101101120001001110101000101
10110001011100011100001010001110101111111111011001
00111000010111100101011111010011010101210000111110
00111100112000001100101011111000011011010110000000
01000040000113000001001110110100001111110101000000
0110101110A121002100011131011010101101110000010101
01011101100A10000000100000104111100000100011010100
00110011A00A01000100001101010111100110110000110100
010011010A0000101000001110111111000101100111001001
10011011100001000101033001111101101101010141010001
00003110010000000011001111011010100011011300110000
00110000000110001001010000011010001100100100001000
11001010010100000010111001001101011001000110100000
01001000011110300021010110000100101115101010011111
10101501111000110000111110111111010111110030001000
10000110000111011001111110010112110110100101001101
00100010011050001000200111011101110101010001001020
01010011100100001001100100010101110101001100110101
01111101110101111010010100001100011001101010000110
1000111110001111001010110101010010011010011010A000
11001000110100010100110011111011410111010011110AA0
10111000000000011111111010011000001001001101110000
11100111111103111000011500101011101100111101000010
14010100101111100110100031101100111000010011100110
01111001111101111110011101000111111011001000010010
01001110100011100100211011100011100010000000000100
11100111111113000100111011510010002111000000011011
01010001111111101100030410111010011101000000001101
00111100010000111100101411011101111010100010000001
