000000000000000000040101001B00000004000000C0000000
0000000A0000000000000020101000000000000A0000000000
0000000000000010000000000100000000000030D000000000
00000000040000000000010070190010000000000B00000000
00A00000000000000000001110201000000200000000000000
00000000000000000000000404002000000000000000000000
0000000000000000000000000002000000000D000000000000
30000000000000000D00020000000000000000000000020000
00000000000000000000000000100000000000000000000000
00000000000000000000000000000000000000000000000000
00000034000000000003000000000A00000000000000000000
00000000000000000000004000000300000000000000000000
00000000000000000000000020000000000000000000000400
00020400000000000000000000000020030000000000000000
00000000000000000000000000010400000000000000000000
0000000000000000000000000000200000000C000A00000000
24001330031000000000000000000030000000000000000000
00000600000000000000000020000000000000000000001000
0002000400000000004000B000000000000400000000000000
00303000000040000000000000000000010000000000000000
00200000420001030000400000000004000000520000000000
00400003240000000200000000000000000001100000000000
00000001010000000000000000000000000000000000000000
00000000000000020000000000000200000001000000000000
00000220000000000000000000000000000000000000000000
00020003000400300000000000000000A00000000000000000
20000000010000200000000000000000000000000000000000
00010000050000000000000000000000000200000000000000
00004000300010000000000000000000000000010000000000
003003220000003000000000000000000D0000000000000000
00000000000000000000000000000000000000000000000000
00000000000000000000000000000000000000000000000000
01000300200000000000000000003000000000000000000000
00000000000000000000000000000000000000000000000000
000000500000000000000000000000000000002000000D0000
000001000030010000000000000000000000A0000000000000
30000030312000000020000000300000000300000000000000
0A000000000000100000000000100004000200400000000000
00000000000000000000200000000000000000000000000A00
0300000A000200000000000000000000000000000000000600
00000020000000000000000000202000000010000000004000
01100000000000010000000000000000000040080000000200
00000000100000000000000000000000000000000040000001
00003000000000000000000000000000000040001000000010
000030000000B0000000000000000000000000000176100008
00400000013000000000000000000000000000000040401000
52400000000000000000000000000002063000004014020000
00000000004000000000000000000000000001000050330000
00400000000000000300000020000000000101408144000000
02625500080100114110101407004101320030140010000000
