00000000050400000000000000000000000000000000000000
000000000H0000000000004000000000000000000000000000
C0001000000000000000000000000000000000000000000000
00000000000000000000000003000000H01000000000000000
00000000000000000000000000000000000000000000000000
0000000000H000000000000000200000000000000000000100
00000030000000000000000000000000000000000000000000
00000000000000000000000000000000000000000000000000
000000J0000000000000000000000000000000000000000000
00000000000000000000000000400000000000000000000000
0000000000000000000000000000D000000000000000000000
000000000000040000000000000000000000000F0000000200
00000000000000000000000200000000000000000000000000
00000000000000000000000040000000000000000000000000
0000F000000000000000000000040000000000000000000000
00000000000000000000000000040000000000000000000000
000000000000000000000000000000000000000000E0000000
00000000000000000010000004000000000000000000000000
00000000000000000000000030002000000000000000000000
00030000000000000000000400000000000000000000000000
00000000000100E000000000000000000000000000000D0000
00000000000000010000002000000200000000000000000000
0000000000000000000000B000000000000000000000000003
00000400000000000000000000000000000000000000000000
00000000000000000000000000000400000000000000000000
00000000040000000000000000000000000000000300000000
0000000000000000000000000000000000000000000000000H
00000000000000003000000000000000000300000000000G00
00000000000000000000000000000000000000000000000000
0000000000000000000C000000000000000000000000000000
00000000000000000000000000000000000000000000000000
00000000000000000000000000000000000000000000000000
00000000000000000000000000000000000000000000000000
000000000000000000000E0000000200000000000000000000
0000000000000002000000000000000000000000H000000000
00000000000000000000000000000000000000000000000000
00000000001000000000000000000000000000000000000000
00000030000000000000000000000000000000000000000000
00000000000003000000000000000000000003000000000000
00000000000000000000000004000000000000000000040000
00000000000000000000000000000000000000000000000000
00004000000000000000000000200000000000000000000000
00000000000000000000004000000000000000000000000000
00000000000000000000000000J00000000000000000000000
00320000000000000000000000000002002000000000000000
00000000000000000000000020000004000000001000040000
00000000HG0000000000000000000000000000000000000000
00000000000000000000000000000000000000000000000031
00000000002000000000000000000000000000000000000000
97788839597475986888992299584567437304609918882436
