00000000000000000000000040000000000400002010000000
00002000000000300000010000000000024000000000040000
00000000000000000000004000020000000020220000320201
00001000000000000000000000000000040010002000000004
000000000000000000000000A0000000403000000300300000
00000000000000000000000003001000000020000000000040
00000002000000000000000000000000000000000014001000
00000000000000000000000000000020000001000030002000
00000000000002000000000000021000030000100000004000
00000000000000000000033000030002000000402002007000
00000003000000000000001000003000000070000000000030
00000000000000000000000003300000000000000000000040
00210000010000000000000300003000200300000000004002
00000000000000000320000104000042005430000000000200
00000000000000200000200000003400012000004000200001
10000000000000400200000000024080000600000040000000
04000032000100000000200030000033000002402000003000
00000000000000000003003000000003000040000004000300
00040030000000200020000000100000000000004000401000
00000000000040000400000002000002430000000303024200
00000000000000003000000100000304000003022300103004
000000000000000030B0000000100000002000002040000223
0000020000000000000000000100300004000000A000200001
0000000000000000000000000000000000000000000B000020
00000000000400000000001000030000000000000000010030
00000000000000000000010003000000000000000000004000
00000000200000000000000002080000000A00000300000000
0000000001000A000000000000100000000040000000010000
00000000000000000000000000000000100000000000000032
0000000000000000000000000B100000000000000000000000
000000000000000000000000020100000000B0000000000000
00000000000010000000000000000000B00000004000000000
20000040000000000000000000000000050000000000000000
000000000000033000000A0000003000000000000000000000
00000000000000000000000000000400000000000000000000
00030000000000004000000000004000000000000000000000
0000000B420200000000000000000000000030000000000020
00000000000000000000000000000000000000000000000000
000000000000000000C0000000000000000000000000000000
00000000000000000000000000000000000000000000000000
00000000000000000000000000000000000000000000002000
0000000000000000C0000000000000B0000000400000000000
00000000000000000000000000000000000000000000000000
000B0000001000000000000000000000000000000000000000
0030000A010000000000000000000000000040000000100000
00000000000000000000000000000000000000030000000000
10000000000000000000000000000000000000000000000000
20000000000000000000000000000000000000000000000000
00000400000400000100000000000000000000000004000000
35646504086134114410101007000501352100340010400100
