00000000000000000001111000110100111050100001210011
00000000000000000000101110111110010011104201011100
00000000200000000030111011101003011101000111031111
20000000000000001000010040030010011020101100000000
00000000000000000000101110101100001005010100010000
00000000000000000000100001002101000000001020101100
00000000000000000000110111110000001003110101011010
00000000000000000011101200000410004101101111110101
01000000000000000100011100100001010011010111001100
12000000000000000010000001000000040010010410100100
00000000000000001100100100000001010100110011411100
30000002000201000411004071100000004010110110000100
0104A000000000000000A10000000010010111010002000100
10000300100000000000011102001000311011100105010001
00000000000000010000013110100110110001000140000010
00300000201003001301110010001000200000000210110122
00001000001000000100101210000001011100000004000201
00000000000000000130000000000100100100110000100111
01000001000000000000000001030001011130101010101030
01100000000000000000000A21104110110101115011100400
00004000000000000000000001111000100000500002111001
00000000200000000000000001101120001001110101000101
00000000000000000000000000001110101411111111011001
00000000000000000000B00100010011010101210000151110
00000000000000000000000011011000011011010110000000
0000000030003000000000111010A000001111110101000000
00000000000000000000010131020010101101110000000101
00000B00000200000004100000004111100000300000000000
00000000000000000000001000000111100000113000000000
00020000000000000000000110011111000101100000000000
1000000000000000000002300111110000000A000000000000
00000000000000300001033111011000000000000000000000
00000000000000001001010000011000000100000000000000
00000000000000000010111001001500010000000000000000
000000000000004000210101100000000011000000000A0000
0000040010000000000041131011010001011A100000000000
000000B0000000003301111110010012110110100000000000
00000000000000001000200111010001010100000000000000
01000000000000000001100100010000200001000000000000
0100000010000100101A010100001100010000000000000000
10030000100000110000101101010100140100000000000000
11000000110100010131510012110021410001000000000000
101100000000240111111110100300A0000000000000000000
11100110000003111000011500101001101000000000000000
14010100100010100110100031101000001000000000000000
011110012111001A1110011101000111011000000000000000
01101110100011000100211011102010000000000000000000
11100131111113000100111011500000002001000000000000
01010001111111401100040410111010000101003000000000
00415500010000111100101411011101110010140010000000
