00000000000000000200000000000000000000000001000000
00000000000000000000000000000000000000000400000000
00000000000010000000000000000000000000030000000000
00000000000000000001000000000000000000000000004000
00000400000000000000000000000000002000000000000000
0000E000000000000000000000000200000001000000000000
00000000000000000000000000000000000000000000000000
00000004000000000000000000000000030000000100020000
00000000000400000000000000000000000000000001000000
00000000000000000000000000000000200000000000000000
20000000000000000000000000000000000000000003000000
00000000000000000000000000000000000000000000000000
00000000000404000000000100000000000000000000000000
00000000000000000000000000000000000000000000000000
00000000000000000000000000000002000000000000000000
00000000000000000000000000000000000000400000000001
000000F0000000000000000000000000004001000000200000
00000000000000000000000000000100000000000000000000
00000000000002000000003000000000000000000000010020
00000000000000000000000000000000000000000300000020
00000000000000000000000000000004000000000104002000
00000000000000000000000000000000000000000000000000
00000000004000C00000400020000000000000000000000000
00000000000000000000000000000040000000000001000000
00000000000000000000000000000000000000040000000000
00000000000002000000000000000000000000000000000000
00000000000000004000000040000000000000100000000000
00000000000000000000000000000300000000000000000000
00000000000010000000004000000000000000000000000000
00000000000000000000000000000000000000010000000000
00000000000000000000000010000000000000000000000000
00800000F00300000000000000040006000A00010000000000
00A00000000000000000000000000000000000000000000100
00000000000000000000000000000030000000020000000000
0B004000000000000000000000000010000000000000000000
00000000000000000000000000000000000000000000000000
00000000000000000000000000000000000000000000000000
0011000000000E00000000003000000G000000000000000000
00000000000000000400000000000000000000000000000004
60000000000000200000000000000000000000000000000404
00010000000000000000000001000000000003000000000020
50400000100001000004020000000000000000000000001000
40000000000004000000000000000000000400000000003401
040000200000010300400000000000000300000B0000000000
0002000E000000040020I00020000000300000000000000002
0036003270000J0004000000000B000000000B000000000000
4000107020000300000000000000G000000000000000000000
05404001405000000000001000000000000000000000000102
30000002000040000000000200000000000000000000000000
97768838397475946888982299354564434004009918882436
