00000400000000000050100000000000004000000001000030
00000000000000000000000000000000001000000000000030
2000000000G000000000000000000000000000010000000001
4000000C002000000000000000000000000000000400000000
3700000000000000A000000004000000200000000004000000
00020000000000000000000400000001100000202000000000
000000020100000020000C0000040040000000000000000000
00000000000000000000000000001100400000031000003030
00000000000000000200000303000003000000020000002000
00000000000400000300001201000000002000000000000000
00000000200000000000000000000000000601006000000000
00000000000000000003000000001000002000020000400030
00000000000004E00000000000000000000000000004000020
00000010032001003030000000000040040000000001000001
00200000000000000000000300030000000000100130000000
00000000000000004000000000001000000030000000000000
30000200000000000004000050000000000000020000030203
00000000300003000200000000400000003000000003000010
40000010002000000000000010210000000000000000003000
00000400000000000000000000000000000020004300403000
00000000032000000300000000000000000000001400000200
00000030000000000100000030000000000000004000000000
00000000000000203000000000304000100001000000000000
00000000300033000000000001000000000000000000010050
00401000500000000000404000000300000000003000010000
40300000000010000000000000000020400030010000000000
01000100000000001000004000010000201000000000000000
00000002000200000000000000000001000000000000000004
00404000040230000000000000000000000000000000000020
00003000000000030001000000033000000000000000400000
00000003030000000000004000000000001300000000000000
00008000000300000000000000000000000000000000001000
05000300000000000030000000040000000000000000000000
00000000000250200040000000001004100400000100000000
03140000000000000000002000300000000020000000001000
00040000000000000000000010024000000000000000000040
03000000000003010000000000003010200000000000000400
03002400000004020000000000000000000000000004300000
11000000000030000000000000106000000000005000000130
00000000000000000001000000000000000000030040001000
00000500000000000100000000000000000000007000000000
00000000000020000030001030000300000000000400000000
00110000100000000000000000402000200000400000000000
00000000004001000000003000000000440000702013000001
00002030000040000030001000000000000000003020000005
00000000000000040000140004030000000000000000304000
00000000000040000000000000000000000003000000006000
03000000000000020030000006000201000000002000010200
00000000000000100000000140000000001000020000000030
77668807087134516710572107040560014000000216770100
