000010000000000010000100402000003B0400000000000040
10002000000004002000000A0000000002E000000000000000
040000000010000000000B0000050000000000210000040000
00001000000000000000000300000003000030003000000000
00200100000000000070000000000300000100000000000000
00000000000302000000000000000000000000000000000000
00300002000000000000001000000000000000000000000000
00000100000030004000000008000030000000000000000000
00014000000012000000000000000000000000100000000000
30000000000000004000000000000000000000000000020C00
00600003000000000000000000000000000000000000000000
000000000000000000200000004000000000000000000000B0
00220000000000000000000000003000200000000000000000
00000000300000400000000000000000000000000202000000
00000000000000000000000000000000000000000000000000
100000000000A0000000040300000020000000000000030000
04000032000A00000000000030000000000000000000000000
00002000000000000000000000020000000000000000400010
00080030000403000000000000000042001000000000000000
00000034000000000000000000000000000000000000003000
00000000000000000000000000000000000000000000000000
00420000000500000000000000000000000000000000000300
0000020000000C000000000040000000000000000000020300
00000000000000000000000000000100000000400000000000
00001000000000000000000000000300000000000000000004
10000000000300100500000000000000000000000000000000
00000000000003000000000000000000300000000000000000
00000000000000001000000200200400000000000000000000
00001000000000012400000000000000000000000010000000
03000000003000000000000000000003000000000010020000
00300000000000004000400002000000000000600030000000
00000000000000000000000000000000000032000000000000
00300003000000040020000000000000000000000200000000
00000070000000000202000000000000300000000000000000
00000000000020000000000000000000000100000000000000
00000000000000000000000000000000010000200000400000
00100000022000000000000000000000000000002000000020
0220000000000000020000000000000CC00000100000000000
00000000304000000000000000000000000000000000000000
01400100000000002000030000000000024040000000200000
00003000000000000000400000000000000200000000002003
00030100104000000000000000000000000000200000000001
00000000000000000000000000000000000020000000000000
00000000000000000000000000303000000300200010000000
00000000000000000000000000000000000000000000000B00
00000000000000000000000000000000000000000000030C00
00000000000000000000020003000300033002004000000002
00100100002000000000000000000000000000000000004000
00000100000000000010000000000000000000000004000000
35646504087134116410102007000504352100540010440100
