00900000000000200010000000000000000000002003000000
04030000000000000020002004004004103000320000031000
04000000000305000000000000000004003000001000000000
00004000303100001000000000000000000000000000000030
00000002000300000200000000000000000000040000000000
00000100000000000000000000103000000000000000000040
000000000000310000001000000400000000000000000E0J00
00200000000000000100000000000000000000000000000H00
01000000070031000000000000000000000000000000000000
03000001202100000000001000000300000000000010000000
00000010400204300000000300000100000000000000000300
0000000000000000200000003000000020B000300000000000
30004340000040100100000000000000000000000000000000
00040500000000020000010001001000000J00000400000000
070002000042400040004000000000000000B0020000030000
00000000000044000000000000000000000000000000000400
30002430300100000000400004000000000000000000000000
00000000000040000000G00000000000000000000000000020
0000030000200000000H000000000000120000000000002000
00500000002300020000001000000000000000000000000000
04000100000000100000000040000000000000000000000100
00000000000002000000004030000000000000000000000000
00000000003000000020000010000000001000000000000000
00000000000300002440010000400000000000000000000000
00000100002000000030000005000000000000000000004000
00000000300000000000000000000000000000300000010000
040600000000000000100000000000030G0000040000000000
000300000020001000000E0000000000000000004000304000
00000000000000000000000004020000000000000100000000
7000005000000004000400B000004000000000000000000000
00002000000020000000000000000000000000304000010000
00000000300200000000000000000000200010000000000000
01000000000000202000020000000020000003003000000110
00000000000000000000000000000000000000000000000000
02000004020000000022000002000000000000004000000000
00000000030400200000400000010000010000000000000000
00040000000000040030000010000000003000000000000000
40000400000000000100000000300020040000000000020000
00000000000000030000040000000000000000000000000004
60020000030000040000000400000400000002600000000400
00010000100000000000000000000000000000000000000020
50002000200000000000000000003000100000000000200000
40000003000004000000000000000000040000000000003001
04000020000001030000000000000004000003000000100000
00020004000000040000000000000202000000000002000002
00350000700000000200001000000000000040000000000000
40000070200000000000000000400000000000030000000000
04404001405600000000000000000300000000000000000102
30000002000000000000000000000000000000000000000000
97768838397475946788982259344564434004009918882136
