03030000200000001000000000000000000000000010000000
00001300000000000000000300000000000000000000040000
000000000000000000000000A0000000000000220000000001
02000000000000000000020000000000000000000000000000
0000000C500000400000003000000000000000000000000000
00000400000200000000000000000000000000000000000000
00020000000000000000003000000000000000000000000000
00000000000000000000100000000020000001000000000000
00000000000000000000000030001000000000000000000000
00000000000030000000030000000002000000400000000000
0000A000000000000000000000000000000030000000000030
00000000000000000000000000300000000000000000000000
0000000000C000000000000000000000000000000000000002
00000000000000000000000100000000D01400000000000000
00000000000000000000000000000000002000000000200000
0B000200000000000000000000000080000000000000000000
00000000200000000000000000000003000002002000000000
00000000000000000000003000000000000000000000000000
00000000000000000000000000000000000000000000401000
00000040030000000000000000000000030000000303020000
00000000000000000000000000000300000000020300100004
00000000000040000000000000000000001000002040000223
000000000000000000A00A0000000000040003000000200001
000000000000A0000000000000000000000000000000000020
00000000000000000000000000000000000000000000000030
000010000000000000000000000B0004000000000000000000
00000000000000000000000000000000000000000300000000
00000000000000000000B000000A0000000000030000200000
10000000000080000000000000000000000000000000000002
00300000000200000000000000000000000000000000000000
00000000000000000000000000000000000000000000000000
00000000000000000000000000000000000000400000000000
00000040000000000000000000000000000000322030000000
00000001000000000000000000000000300000000000004000
00000000000000000000000000000000000000000000000003
00000000000000000000000000002000000000000000020000
000000000200000000000000000000000000000B0000000000
00000000000200000000000000000000000000000000000000
00000000000000000000000000000400000000000000000000
0000000000000030000000000000002000200A000000004001
00000000000000000000000000000000000000000000000000
0000000000000000000000030000000000000A000000000000
00000000000000000000000100000000000000000000000001
00000000000000000000000000000000000000000000000000
00000000000000001000000400000000032000000100000008
00001000000000000000020000000000000000000000000000
20000000000000000000000000000000030000000003000000
00000300000000000000000000000000400030000000000000
00000000020000000000020000000000000000000000000000
02625500086100114110101807000501330100140010000100
