00900000000000200010000000000000000000002003000000
04030000000000000020002004004004100000320000001000
04000000000302000000000000000004000000001000000000
00000000203100001000000000000000000000000000000030
00000002000300000200000000000000000000040000000000
00000100000000000000000000103000000000000000000040
00000000000031000000100000040000000000000000000000
00200000000000000100000000000000000000000000000E00
01000000070031000000000000000000000000000000000000
03000001202100000000001000000300000000000010000000
00000010400204300000000300000100000000000000000300
00000000000000002000000030000000200000300000000000
30004340000040100100000000000000000000000000000000
00040500000000020000010001001000000000000400000000
07000200004040004000400000000000C40400020000000000
00000000000044000000000000000000000000000000000400
30002430300100000000400004000000000000000000000000
0000000000004000C000000000000000000000000000000020
00000300002000000004000000000000100000000000002000
00500000002300000000001000000000000000000000000000
0400010000000010000000004000C000000000000000000000
00000000000002000000004030000000000000000000000000
00000000003000000020000010000000001000000000000000
00000000000300002440010000400000000000000000000000
00000100002000000030000004000000000000000000004000
000000003000000000000C0000000000000000000000010000
04060000000000000010000000000000040000040000000000
00030000002000100000000000000000000000004000304000
00000000000000000000000004020000000000000100000000
70000050000000040004004000004000000000000000000000
00002000000020000000000000000000000000304000010000
00000000300000000000000000000000200010000000000000
01000000000000202000020000000000000003003000000110
00000000000000000000000000000000000000000000000000
02000004000000000022000002000000000000004000000000
00000000030400200000400000010000010000000000000000
00040000000000040030000010000000003000000000000000
40000400000000000100000000000000040000000000020000
00000000000000030000040000000000000000000000000004
60020000030000040000000400000400000000600000000400
00010000100000000000000000000000000000000000000020
50002000200000000000000000000000000000000000200000
40000003000004000000000000000000040000000000003001
04000020000001030000000000000004000003000000100000
00020004000000040000000000000202000000000002000002
00310000700000000200001000000000000040000000000000
40000070200000000000000000400000000000030000000000
04404001405600000000000000000300000000000000000102
30000002000000000000000000000000000000000000000000
97768838397475946788982259344564434004009918882136
