02000000000000003000000000000000003000000000000000
01200000000000000000000000000000000400000000030000
0400000020000000000000300C000000001020000000000000
00000000000000020000000000000000000000000003000000
50002000000000000000001000000000010004000030000000
00400002000000000000000000100000000002000000000000
00000400000000000000000000000000000000001000000000
04000000000000000000000000B00000000000000000000004
000000000400030000000022000000000000000020C0000000
00010000000000000000000000000000000000000000000000
00000000000000000000000000000000000000000000000000
00000003100000300000000020000000000000000000000000
00000000000000000000000101000000000000000000000000
00000402000400004000000000000000000400000E00000000
00000010000000000000000000000000000000000000000000
004000B0001000040000000000000000000000000000000000
03000000000000010000000000000002000000000000000000
00000000000000000400000000000003000000000000000000
00000000000400000000003031000000000000000000004200
4400000000000000000000G000000000000000000000100000
00000000000000000000000000000001000000000300020000
00000000000000000300000000040000000000000000210000
00000000000000000000020000000000200000000000000004
000000000000000000000100000000000000000G0000000000
00000000000000000000000000000000000000020000000030
00000003000003000000002000000030000000000000000000
00000000000000000000000000000000000000000000000034
00000000000000000010001000004001000000000000000000
000000000000000000000000000000000000000000100000H0
00200000000000000000003000000100000200000000000000
00000000000000000000000000000000000000000000002000
000000000000000000000000000000300000000I0000000000
00000000000000000000000000000000400000000000000400
00000000001000000000000000000000000040000000000001
00000000000000000000000200000000000000040000000000
00000000000000000000000000000000000000030000000000
00000000030300000000001000000020000000000000000000
00000000000000000000000300000000000004000000000000
00000000010000000000000000000010000000000000000000
00000000001000000000000000000000000000000000000000
03001000000000000000000000000000000300000000000000
200000000000000000000000000000000003000000000F0000
00000000000004000000000000000000000000000000000000
00000000000001002000000000000002000001400000000000
00000000000000000000002000000000000000020000000020
00000000004000000000000000000000035000000000000000
40000000000000000000000000000000040000031300000000
00000000000000000000000000000000003000000000000000
00000000000000000000000000000200000000000000000020
99788839599475988888996399785677449304609918882436
