00900000000000200000000000000000000000002000000000
04030000000000000000000000004004100000300000000040
00000000000302000000000000000001000000000000000000
00000000200000001000000000000000000000000000000030
00000002000300000000000000000000000000000000000000
00000100000000000000000000100000000000000000000000
0000000000003100000000000000000000000000000000E000
00200000000000000000000000000000000000000E00000000
010000000700300000E0000000000000000000000000000000
03000000202000000000000000000000000000000000000000
00000010400204000000000000000100000000000000000300
00000000000000002000000000000000000000300000000000
30004340000040100100000000000000000000000000000000
00040500000000020000000001000000000000000000000000
04000200004040004000000020000000000200020000000000
00000000000044000000000000000000000000000000000400
300024303001000C0000300004000000000000000000000000
000000000000400400000000000C0000000000000000000020
000003000020010000000C4000000000000000000000000000
00500000002300000000000000000000000000000000000000
04000100000000000000000040C04000000000000000000000
00000000000002000000004000000000000000000000000000
00000000000000000000000010000000000000000000000000
00000000000000002440000000400000000000000000000000
00000100002000000030000004000000000000000000004000
00000000300000000000000000000000000000000000010000
04020000000000000010000000000000000000040000000000
00030000002000000000000000000000000000000000001000
00000000000000000000000004000000000000000100000000
7000002000000004000000400000000000F000000000000000
00002000000020000000000000000000000000300000010000
00000000300000000000000000000000200000000000000000
00000000000000202000020000000000000003000000000000
00000000000000000000000000000000000000000000000000
02000004000000000022000002000000000000004000000000
00000000030400200000000000010000010000000000000000
00040000000000040030000000000000003000000000000000
40000000000000000100000000000000000000000000000000
00000000000000030000000000000000000000000000000004
60020000030000000000000400000400000000300000000000
00010000000000000000000000000000000000000000000000
50002000000000000000000000000000000000000000000000
40000003000004000000000000000000000000000000003000
04000020000000030000000000000004000000000000000000
00020004000000000000000000000202000000000000000000
00310000700000000000001000000000000040000000000000
40000070200000000000000000400000000000000000000000
04404001402000000000000000000300000000000000000000
30000002000000000000000000000000000000000000000000
97768838397475946788982259344564434004009918882136
