00000000050H00000000000000000000000000000000000000
00000000000000000000004000000000000000000000000000
00001000000000000000000000000000000000000000000000
00000000000000000000000003000000001000000000000000
00000000000H0000000000000000000000H000000000000000
00C00000000000000000000000200000000000000000000100
000000J0000000000000000000000000000000000000000000
00000000000000000000000000000000000000000000000000
00000000000000000000000000000000000000000000000000
00000000000000000000000000400000000000000000000000
00000000000000000000000000000000000000000000000000
00000000000004000000000000000000000000000000000200
0000000000000000000000020000000000000000000F000000
00000000000000000000000040000000000000000F00000000
00000000000000000000000000040000000000000000000000
00000F00000000000000000000040000000000000000000000
00000000000000000000000000000000000000000000000000
00000000000000000010000004000000000000000000000000
000000000000000000000000300020000000000E0000000000
00030000000000000000000B00000000000000000000000000
00000000000E00000000000000000000000000000000300000
00000000000000010000000000000200000000000000000040
00000000000000000000000000000000000000000000000003
0000040000000000000000000000000000000000000000000G
0000000000000000000000000000040000000000000000H000
00000000040000000000000000000000030000000300000000
00000000000000000000000000000000000000000000000000
00000000000000003000000000000000000300000000000000
00000000000000000000300000000000000000000000000000
00000000000000000000000000000000000000000000000000
00000000000000000000000000000000000000000000000000
01000000000000000000000000000000000000000000000000
00000000000000000000000000000000000000000000000000
0000000000000000000C000000000200000000000000000000
000000000000000200000E0000000000000000000000000000
00000000000000000000000000000000000000000000000000
00000000001000000000000000000000000000000000000000
00000030000000000000000000000000000000000H00000000
00000000000003000000000000000000000003000000000000
00000000000000000000000004000000000000000000040000
00000000000000000000000000000000000000000000000000
00004000000000000000000300J00000000000000000000000
00000000000000000000004000000000000000000000000000
00000000000000000000000000000000000000000000000000
00320000000000000000000000000002002000000000000000
00000000000000000000000020000004000000001000040000
00000000GH0000000000000000000000000000000000000000
00000000000000000000000000000000000000000000000031
00000000002000000000000000000000000000000000000000
97788839597475986888992299584567437304609918882436
