00000000000000000001111000110100111050100001210011
00000000000000000000101110111110010011104201011100
00030000200000000030111011101003011101000141031111
20000000000000001000010040030010011020101100000000
00000000000000000000101110101100001005010100010000
01000000000000000000100001002101000000001020101100
00000000000000000000110111110000001003110101011010
02000000000000000011101200000410004101101111110101
01000000000000000100011100100001110411010111001100
12000000000000000010000001000000040010010410100100
00000000000000001100100100000001010100110011411100
30000002000201000411004071100000004010110110000100
01040A00000000000000000000000010010111010002000100
1000030210000000000000A102001000311011100105010001
00000000000000010000000110100110110001000140000010
00300000201003001304110010001000200000000210110162
00001000001000000100101210000021311100000004000201
00000000000000000130000000000100100100110000100111
01000001000000000000000001030001011130101010101030
01100000000000000000000021104110110101115011100400
00004000000002000000000A01111000100000500002111001
10000000200000000000000001101120001001110101000101
0000000000000000000000000000A110101411111111011001
00000000000000000000000100010011010101210000151110
00000000000000000000000011000000011011010110000000
0000000030003000000B001110100000001111110101000000
00000000000000000000010131020010101101110000000101
00000000000300000004100000004111100000300000000000
00000100000000000000001000000111100020113203000000
00000000000000000000000110011114000101100000000000
100B0000000000000000023001111100000000000000000000
00000000000000300001033111011000A00000000000000000
60000000000100001001010000011000000100000000000000
00000000000000000010111001001500010400000000000000
00000000000000403021010110000000001100000000000000
004004001000000000004113101101000101A01000000A0000
00000000001000003301111110010012110110000000000000
00000000000B00001000200111010001010100000000000000
01000000000000000001100100010000200001000000000000
01000000000001011010010100001100010000000000000000
10030000100000110000001101010100140100000000000000
110000001101000101315000A2110021410001000000000000
10110000000024011111110000030000000000000000000000
11100110000003111000000400121001101000000000000000
1401010010001000A110100031101000001000000030000000
01111001211100001110011101000001011000000020000000
011011101000110001002110111020A0002000000000000000
11100131111113000100111011500000002001000000030000
01010001111111401100040410111010000101003040000000
00415500010000111100101411011101110010140010000000
