00900000000000200000000000000000000000002000000000
04030000000000000000000000004004100000300000000040
00000000000302000000000000000001000000000000000000
00000000203000001000000000000000000000000000000030
00000002000300000000000000000000000000000000000000
000001000000000000000000001000000000000000000E4000
00000000000031000000000000000000000000000000000000
002000000000000000000000000000000000000E0000000000
01000000070030000000000000000000000000000000000000
03000000202000000000000000000000000000000000000000
00000010400204000000000000000100000000000000000300
00000000000000002000000000000000000000300000000000
30004340000040100100000000000000000000000000000000
000405000000000200000E0001000000000000000000000000
04000200004040004000000020000000000200020000000000
00000000000044000000000000000C00000000000000000400
300024303001000000003C0004000000000000000000000000
00000000000040C00000000000000000000000000000000020
00000300002001000000004000000000000000000000000000
00500000002300000000001C00000000000000000000000000
04000100000000000000000040004000000000000000000000
00000000000002000000004000000000000000000000000000
00000000000000000000000010000000000000000000000000
00000000000000002440000000400000000000000000000000
00000100002000000030000004000000000000000000004000
00000000300000000000000000000000000000000000010000
04020000000000000010000000000000040000040000000000
00030000002000000000000000000000000000000000004000
0000000000000000000000000400000000000F000100000000
70000020000000040000004000004000000000000000000000
00002000000020000000000000000000000000300000010000
00000000300000000000000000000000200010000000000000
00000000000000202000020000000000000003000000000000
00000000000000000000000000000000000000000000000000
02000004000000000022000002000000000000004000000000
00000000030400200000000000010000010000000000000000
00040000000000040030000000000000003000000000000000
40000400000000000100000000000000000000000000000000
00000000000000030000000000000000000000000000000004
60020000030000000000000400000400000000300000000400
00010000000000000000000000000000000000000000000000
50002000000000000000000000000000000000000000000000
40000003000004000000000000000000000000000000003000
04000020000000030000000000000004000003000000000000
00020004000000000000000000000202000000000000000000
00310000700000000000001000000000000040000000000000
40000070200000000000000000400000000000000000000000
04404001402400000000000000000300000000000000000000
30000002000000000000000000000000000000000000000000
97768838397475946788982259344564434004009918882136
