00000000000000000000C00000000000003000000000000000
01200000000000000000000000000000000400000000030000
04000000200000000000000000000000001020000000000000
00000000000000000000000000000000000000000000000000
20002000000000000000000000000000010000000030000000
00400002000000000000000000100000000002000000000000
00000000000000000000000000000000000000001000000000
0000000000000000000000000010000000000000000C000000
00000000000003000000002200000000000000000000000000
00010000000000000000000000000000000000000000000000
0000000000000000000000000000000BF00000000000000000
00000003100000000000000000000000000000000000C00000
00000000000000000000000101000000000000000000000000
00000002000000000000000000000000000000000000000000
00000010000000000G00000000000000000000000000000000
00400000001000G000000000000000000000000000000000E0
03000000000000000000000000000002000000000000000000
0000000B000000000400000000000003000000000000000000
00000000000000000000000031000000000000000000004200
440000000000000000000000000000000000000G0000000000
000000000I0000000000000000000001000000000000020000
00000000000000000300000000000000000004000000010000
00000000000000000000000000000000200000000000000001
00000000000000000000000000000000000000000000000000
00000000000000000000000000000000000000000000000030
00000000000003000000002000000000000000000000000000
00000000000000000000000000000000000000000000000104
00000000000000000010000000004000000000000000000000
0000000000000000000000000000000000000000I00H000030
00200000000000000000000000000000000200000000000000
00000000000000000000000000000000000000000000000000
00000000000000000000000000000000000000000000000000
00000000000000000000000000000000000000000000000000
00000000000000000000000000000000000040030000000001
000000000000000000000000000000000000000000000I0000
00000000000000000000000000000000000000000000000000
00000000000000000000000000000020000000000000000000
00000000000000000000000300000000000004000000000000
0000000001000000000000000000001000000000000F0010H0
00000000001000000000000000000000000000000000010000
03000000000000000000000000000000000300000000000000
20000000000000000000000000000000000300000000000000
00000000000000000000000000000000000000000000000000
00000000000000002000000000000000000001400000000000
00000000000000000000002000000000000000000000000000
00000000000000000000000000000000034000000000000000
00000000000000000000000000000000000000031300000000
00000000000000000000000000000000003000000000000000
00000000000000000000000000000000000000000000000020
99788839599475986888996399785677449304609918882436
