04200300000000000010000000000000000000100400000000
00000000000000000000000000000000000010020000000000
0000000000000000000000G000000000000001000000000300
03000000001000000000000000010000I00000000000000000
00000000000000000000000000000000000000000201000000
00000000000000000000000030000000000000000000000040
00000000000300000000000000000000000000000000300000
00000000000000000000000000000000000000000000000000
10000200000000000000000000000000000000000000000000
00000000000000040000000040000000000000000000000000
00000000H0000000000000000000000000000400000000000C
00000000000000000000000000000000000200000000000000
00000000000000000000000002000000000000100000000000
00000000000000000000000000000000000020000000000000
00000000003000400000000000000000000000000000000000
00000004000001000300000000000000000000000000000000
00000000000000000000000000000000E00000000000001000
00002000000000000000000000000000000000000000000000
00000002000000030020000000000000000000000000000000
00000000000000000001000000000000000000010000000000
000000000000000000020000000000I0000000000000000000
00000004000300000000000300000000000000000000000000
00000030000000000000000000000000004003000000000000
00000000020020000000000000000000003000000002000000
00000000000004200000000000040000000000004000000000
02000000000000000000000000000030000000003000000000
10000000000000000000000000000000100000000000000010
00000000000000000040000000000000000000000000004000
00003000000024000000000000000400000000000000000000
00000030000000000000004000000000000000000000000000
00004000000000040000000000000000000000000000000004
00000100000000000000000000000000000000000000000030
00000000000000000000000000000000000000000000000300
00030020000000000000000000000001340000000003000000
00000000000000000000000000000000000000000000000107
00000002000010000000000000000000000040000300000000
00000000000000000000000000000020000000000000000020
000002010000000000000000H0000400002000000000000000
00000040000003000000000000000000000020000004030000
000000000040000000000000001420000000000000000000F0
00000000000000000000000000000000000000000000000000
00000000000000000000000000002000400000140000000020
00000000000000000000004000000000000200000000000000
40000000000000000024000000000000000000000000000000
00000000000000200000010001001200004000100000000000
00004000005000400000000000000000003000000000200000
00000000003000000000000000000000000000000000000000
00000000000300000002000000000032000000000000000000
00000000000000000400000000100000000000000000000000
97788839599475986888996399584667437304609918882436
