00000000400000000000000000110000000402040001214011
00400000000000000000000010100000030000504231011100
00200000000000000000A11001000000000000400141031111
00000000000000000010010070090000000000001101000400
000030000000100000A0101110101000000000010020012000
00000000000000000000000400002000000000000000241100
00000000000000000000100000020000000000000001011010
00000000000000000001200000000000000000000001110122
00000000000000300000000000000000000000000001201100
00000000000000000000020000000000000001000400100400
000000B0000000001100100000000100000000000011411101
0000000000000000A650000000000300000000000110001103
00000000001000000000300000000000000000000002000130
00000000000000000000100000000000000000000105010301
0000000000000000D000000000000000010000020000000014
00000000001000000000000A0000000010300000000320A000
24000000031000000000002000000000000000300004000000
0000000000000000000000000000000000200000000010A101
00000004004000000000000000000000000000000000000130
00000000000000000000000000000000000000010000000400
00000000000000000000000000000034000000520000001001
004000002000000000000000000A0000000001100100000101
00000000000000000000000000000000000000000000001002
000000000000000000000000000000000000A1000000001110
000000200000000000A0000030000000000000000110000000
00000003000400000000000000000000000000000024001002
0000000000000000000000000000000000000000000000011A
00000000000000000004000000000000000000000000100004
00001000000000000000000000000000000000200003000000
00000000000003000000000400000000000100000000000000
00000000000001000000000000000001000000000000000000
0000000000000200000000000000000002A300000030000000
00000000200000000000000000000000000000000000000000
00000000001000000300000000400000003040000000000000
00000050000000000021000000000000000000000000000000
00000000000000000000000000000000000000000000000000
30030300000000000000000000000000000000000000000000
00000006000000000000004000000000000000000000000000
00000004000003000000000000000000000000000000000400
01000000000400000000000000000000000000000000002400
00000020000000000000000000000000000000000000024000
00000000003000200000000000000000000000040000000200
000C0000000000000000000002000000000000000000000000
00003000000000000000000000040000000000001000000000
0A003000003000000000000000000000000000000070100008
00000000000000000000000100000000000000000020000000
00400000000000000000000000000002030000004004020000
00000000300000000000000000000000000001000000030000
00000000000020000000000000000000000101408044000000
02415500080100114110101400000101120030140010000000
