000000000000000000000C0000000000003000000000000000
01200000000000000000000000000000000400000000030000
04000000200000000000003000000000001020000000000000
00000000000000000000000000000000000000000000000000
20002000000000000000001000000000010000000030000000
00400002000000000000000000100000000002000000000000
00000400000000000000000000000000000000001000000000
00000000000000000000000000100000000000000000000000
000000000000030000000022000000000000000020D0000000
00010000000000000000000000000000000000000000000000
0000000000000000000000000000000000F00000000C000000
0000000310000030000000000004000B000000000000000000
00000000000000000000000101000000000000000000000000
00000002000000000000000000000000000000000000000000
00000010000000G0G020000000000000000000000000000000
00400000001000000000000000000000000000000000000E00
03000000000000000000000000000002000000000000000000
000000B0000000000400000000000003000000000000000000
000000000D00000000000000310000000000000G0000004200
44000000000000000000000000000000000000000000000000
00000000000000000000000000000001000000000000020000
00000000000000000300000000000000000004000000010000
00000000000000000000000000000000200000000000000001
00000000000000000000010000000000000000000000000000
00000000000000000000000000000000000000000000000030
00000000000003000000002000000000000000000000000000
00000000000000000000000000000000000000000000000104
0000000000000000001000100000400000000000I0H0000000
00000000000000000000000000000000000000000000000030
00200000000000000000000000000000000200000000000000
00000000000000000000000000000000000000000000000000
00000000000000000000000000000000000000000000000000
00000000000000000000000000000000000000000000000000
00000000001000000000000000000000000040030000000001
000000000000000000000000000000000000000000000I0000
00000000000000000000000000000000000000000000000000
000000000003000000000000000000200000000000000000H0
00000000000000000000000300000000000004000000000000
0000000001000000000000000000001000000000000F001100
00000000001000000000000000000000000000000000010000
03000000000000000000000000000000000300000000000000
20000000000000000000000000000000000300000000000000
00000000000000000000000000000000000000000000000000
00000000000001002000000000000000000001400000000000
00000000000000000000002000000000000000000000000000
00000000000000000000000000000000034000000000000000
00000000000000000000000000000000000000031300000000
00000000000000000000000000000000003000000000000000
00000000000000000000000000000000000000000000000020
99788839599475986888996399785677449304609918882436
