00000000000000000000000000000000000000000000000032
03000000003000000400000000000000000000340000000004
40000022000000000000000000000000040000000000053000
00000000000000000240000000000000000000000000000000
00000000200000000000000000000000000000000000000000
00000000000000002000000000000000000000000000603000
00000000000000400000000000000000000000000000400000
00000000000000040000000000000000000000000000000000
00070000000000000000000000000000000000000001300000
00000020000000000001000000000000000000030003001000
00004003000000000000000000000020400100000000100000
10000000000000000400000000000010040003300050104030
0000000000000000400000000A020000000000003004200030
10000000000000000000000000000000000000083000030010
00000000010100000001000000000100000000000000000210
00100003000000000000000000000000000000000000030000
20200000000000000000002000000000010000000000004000
0000000000000000000000000040000000000000B000000000
00000000030000000000000000000000000000000000002000
00000000000010000000000000000000000000000000300000
00000000000000000000000000000000000010000000000000
00000000030000000000000000000000000000000000000000
0B000040000000000000430000000000000000000000000003
00001000000000000000000000000000000000000000000000
00000000020000000000000004040000000000000300000000
00000306001000000000000000000000400000000000000000
00000300000100000008000010000000000000000000000000
300A0000100000000000400004000000000400000000000000
01000030003000030300000000000000000000000000000000
00004010000000000040000000000000002000000000000000
00030000003000000000000000000000000000000000000000
00000300000000040000000000000000000000000000000000
0000300000600000001000000000000000001000C000000000
02000001000000000004000000000300000000000000000032
00000200010000000000301000000000000000000000000000
000001000000B4000100000000000000000000000000000000
00000000000000010000010000000000000100300000000300
00000000000020100000000200030000000000000040200200
02000000000000000400000000040000000000000000000000
02020040000000000000000000000000000000000000000000
00400000000400000001000000000004000040000000000000
00000000000000000001000000000000000000000040000001
00000000000000000000000000000000000000000000000000
A0000000040300000400000000000000000000000000000000
00000030000001000000000000000000000000000020000000
00000000000030200000000000000000000000000000000000
10000000000024010000000000000100000000100000000000
00000020040000000040000000000000000103020000000000
020303400003000000000000000000000000010140020000B1
77668804087134516710172007000500004000000214770100
