00000300000000000000000000000000000000000200200000
0000000E000000000000000200000000000000000100000000
00000000000000000000000000001000000000003000000000
00000000000000000000004000002031000000000000000000
00000000000000000000000000000300000000000E00000000
00000000000300000000000002000300000000000000000002
00000000000003000000000000000000300000000000000000
0000001000000000000000000000E000000000000000004000
000200000000000020000000000000000000000E0000000000
00040030000000000000000000000000000020000000000000
00000100000000010000000000000000000000000000000000
02000000000000000000000000000000000040000000000200
00000000000000000000100000000000000000000000001000
00000000000000000000000000000000000000000000000000
00000000000000000000000000000000000030000000000000
00200000000000000000000000000000000000000000000020
01000000000000000000000000000000A00400000000000000
4300000000020000000000F000000000000000000300000000
00000000000000000000202000000000000000000000000000
30200000000000000000000000000000000200000000000000
00300100040000000000000000000000000000000000000030
00000000000000000003004000000000000000000000000000
00000000000000000000000000000E00002000000040000000
00000000000000000000000000000000300000000000030300
00000000000000000000000040000002000000000000000000
00000030000000000000000000000000000004000000000000
00000000000000000000000000000000000000000000000004
00001000000000000002000000000000000000000000000000
10100000000000000E000000000H0000000000000000002000
00000000000000000000000000200000000000000000030000
0F000004020000000000010000000000000000000000000002
0000400000000000000000000000000000000000000000100H
02000120003000000000000000000000000000000000000300
00000000000000000000000000000000000000000000000000
00002000000000000000000000000000000000000020000000
00000000000000000000000000000000000000000000000000
200000000000000000000000000A0000000000400000000000
00000000000000000000000000000000000000000000000000
00400000000000000000000000060000000000000000000000
40000000000000000000000000001000000000000000004000
000000000000000000000040000D0000000000000201000002
40001000000000000000000000000000000000000000000000
00000300000000000000000000000000000000000000000000
00000000000000004000000000000000000000000000000000
00000000000000000000000000000000000000000000F00200
00000020000000000000000000000000000000000000080000
00000000000000000000000001000000000000000000000000
000000000000000003D0000400400200000000000000000031
F000300000200000000000040000000000E000000000003100
97788839599475986888992299584567437304609918882436
