20000000020001000000000000000000000000000000000000
00000000000000000000000200000000000000000000000000
20010000000000000000000300000000000000000000000000
20000000000000000000000000000000200000000000000000
0004000000000200000000000000000E000000000200000000
00000000000000000000000000003000000000000000000000
00000000000040000000000000000000000000000000000000
000000000000000400000000000002000000B0000000000000
0000000E002032300000000000000000000000000000000000
00000300400003000000100000000004000000000000000000
00000000000000000000000000000000000000000000000000
00000000000000000000000000000000000000000430400000
01000003000010004000000000000000000000000000A00000
000100000000000000000000000000000000000000000000A0
00000000000000000000000400000000000000000000000000
00000000000000000000400300000000000001000000000001
00000000000000000000000000000132000000000000200003
00000400000004000000000000000000000000000000000004
00002010000004000000000000000000100000000000053000
00000000000000200000000000000000000010000000000000
00000000000000000000000000000000000000000000000200
00000000000000000000000000200000004000000000000040
00000000000000000000000000304000000010000100000000
00000000000000000000000001030800100000000000000000
00000003000000000000000000200000020420003000010000
0000000000000000000000000000E0200000300B0020000000
00000000000001000000400000010000001030000000000000
000000000000000000000000000000000000000400000F0005
00000000000003000004000000000000020000000004000020
00000000004000000000000000037000000040005000400000
00000000000000050000000000030020001300000301000000
00000000000000000000000000302044060120010000001002
00000000000000000000000030044000000040000000000000
00000000000000000010000000001004101420003100000300
00000000000300000000004000310010100020400000001030
00030000000000000000001010124000000000034000000440
00000000000000000000100002206010240000003430000400
000000400000A0000000000000000000000034330004300044
00000030000000000000004000109000400110005000002234
00000000000000000001004020000000000000030040001000
01000003000000000000002400020000000000007000000002
00000000000000000000001030000300000000230400043000
00000000000000000000030020402040200300400000100222
40000000000005000B00003000023300770000703013000203
00002000000000000030201000000000000003003020010305
04000000000000000000440034030000041000130100304000
00000000000100000000000000001000030003340000006000
002000000002000000000C0006002701001010006000016300
04000000000000020004000140402010001304020001002030
77668807087234626713972107044560314000004218770100
