00000003000000000000000020200000000000000000000000
00000000000000000000000000000000000000000000000000
0000000000000000000000200000000000000000000O000000
00000000000000000000000000000000000000000002000000
00000000000000000000000000000000000000000000000000
0000000000DC0000000000000000000000K000000000000000
00000400003000000000000000000000000000000000000000
000F000000000N000000000000000000K000000000O0000000
00000000000000000000000000000000000000000000000000
00000000000000000000000000000000000000000000000000
00000000000000000000000000000000000000000000000000
000000000000000000000000000000000000000100000O0000
00000000000000000000000000000000000000000000000000
00000000000000000000000000000000000000000000000000
00000000000000000000000000000000000000000000000000
00000000000000000000000000000000000000000000000000
00003000000000000000000000000000000000000000000000
00000000000000000000000000000000004000000000000000
000000000100000000000D0000000000000000000000000000
00000000000000000000000000000000000000000000000000
00000000000000000000000000000000000000000000000000
000000000000000000000000000000000J0000000000000000
00000000000000000000000000000000000000000000000000
0000000000000H0000000000000000000000000000F0000000
0000000000000020000000000000000000000000K000000000
00000000000000000000000400000000000000000000000000
0000000000000000000000000000000000000O000000000000
00000000000000000000000000000000000000000000000000
00000000000000000000000000000000000040000000000000
00000000000000000000000000000000000000000000010000
00000000000000000000000000000000000000000000000000
00000000000020000000000000000000000000000000000000
00000000000000000000000000000000030000000000000000
000000000000000000000000K000000000000000000000000I
00000000000000000000000000000000000000000000000000
00100000000000000000000000000000000000000000000000
00000000000000000000000000000000001000000000000000
00000000000000000000000000000000000000000000000000
00000000000000000000000000M000000000000000D0000000
000000000000000000R0000000000000000000000000000000
00000000000000000000000000000000000000000000000000
000000000000000000000000000000000000N0000000000000
02000000000000000000000000M00200000000000000000000
00000000000000000000000000000000000000000000000000
00000000000000000000000000000000000000000000000000
00000000000000000000000000000000000000000000000000
00000000001000000000000000000000000000000000000000
00000000000000000000000000000000000000000000000000
0000000300300000000000000000000000000000000D000000
99998899899999999898998899889898749395809979899976
