0044000000000000000000000000G000000000000000000000
70000000000000400000000000000000000000000000000000
02000000000000000000000000000000000000000000000000
04300000000000000C00000000000000000004000000000000
04000000000000000000000000000000000000000000000020
10000000000000010302000000000000000000000000030000
03000000000000000000000000000000000000000D00000000
02000000000000000000000000000000004000000000000000
00000000000000000000000000000000000000000000000000
00000000000000000000000000000200000000000000000ED0
0000000000000000600000000000000000030000C000000000
00000000000000000000000000000000000000000000000000
000000C0000000000000000000040000000000000000000000
00000000030000000000000000000000000000000000000000
00000000000000000040000000000000000000000000000000
00000000000000000000000000000000000000000000000000
0000H000000000000000000000005000000000000000000000
00000000003000000000000000000000000000000000000000
00000000200040000000300000000000000000000000000002
0000000000000000000000000000000H000100000100000000
00000000000000010000000000000000000000000000000000
000000000000000000000000000000000000A0000000000000
00000020020000000000000000000000000000000000000000
00000000000400004000000000000000000000000000000000
20002000000000000000000000000000000000000000000000
00000000000000000000000000000000000000000000000000
02000000000020022000000000000000000000A00000000000
30010000000000000000000000000000000000000000000000
00000000000000000000000200000000000000000000000004
00000000000000000000000000000300000000000000000000
00000000000000000000000000000000000400000000000000
40000000000000000004000000000006000000000000000002
000E0000000000000000000000000000000000000000004000
00000000000000000000000000000000000000000000000000
00000000000000000000000040000000000000000000000000
000000000000000000000000000000000G0000000000000000
00000000000000000000000000000000000000000000300400
00000000200000000000000000000000004000000002000430
0000000000000G000000000000000000003000B0000000000I
00000000000000000400000000100000000000000000000004
00040000000030000000000000000001000000000000000010
00000000000000000000000000000000000000000000100000
00000000000000000040000000000000403000000000000000
0000000000000000000000EC00000500H04000010000000000
000000000000000E0000000000020000200000000000000000
00600000000000000000000000000001000100600000400000
00000000310000000000000000000000000040000030000000
00000B00000000000000000000000001000040000000000010
0000000000000000000000000000000G000000000F00000400
77668808397275646785982219044560334004004618780134
