00000000000000000300100000000000000000000000000000
00000000000000000000000000000000000000J00003000000
00000000000000000000000000000000000000000000200000
0000003G000000000000000000000000000000000000001000
00000000000000000000000000000000000000000002000000
00000000000000300000000000000000000000000000000000
000000000000000000000000F0000000000000000000000000
00000000000000000000003000000300000000000000000000
00000000000000000000000000000000000000000000000000
00000000000000000000000000000000000000000000000000
000000000000000000000000000000000000000000000GD000
00000000000000000020030000000000000000000000000000
00000000000000000000000000000000000000000000000000
00000000000000000000000000000000000000000000000000
00000000000000000000000000000000000000000000000004
00000000000000000000000000300000000000000000000000
00000000000000000000000000030000000000000000000000
00000003000000000000000000000000000000000000000000
000000000040001000000000000000000000C000000H000000
00300000001000400000000400000000000000000000000000
00000000000000000000000000000000000200000000000000
00000000000000000000000000000000000000000000000000
00000000040000000000000000000000000000004000000E00
0000000000000004000000000000000000I000000000000000
3000003000000000000000000000000000000000000000000D
00000000I00300000J00000000000000000000000000000000
010100000L000000H000000000001000000010000000000000
00000000000000000003000000000000000000000000000000
00000000000000000000000000020000D00000000000000000
00000000000000000000000000000000000000000000000004
00200002000000000000000000000000000000000000400000
00000100000000000000000000000000300000000000000000
00000000000000000030000000000000000000000000000020
00000000000000000000000E00000000000000000000000000
000001000000000000000000000000000000F0000000000000
20100000000000000000000000000000000100000000010000
0000000000000000000000000000000000000G000000000000
3000000100000000000G000000000000000030000000000000
00000000000000000000000000000000040000000004000000
00200000000000000000000000000000000000000000000300
00000000000000000000000500000003000000400000001003
02000000000000004000040440000000300000000030000000
00000000000000000000000000000002000000020000000000
00000003000000000000000000000000002000000000E00000
00010000000000000400000000000000000400032000000100
03000300000000000000400000000000000010000000000000
0003000000000H00102000000000000H040102000400000000
00400440000000000000000000000000000000002003400000
20040000000000000010000000000000000000000010000040
99888879599679988888998399785697549395609948889636
