00000000000000000000000000000000000000000000000000
00000000000000000000000000000000000000000000000000
00000000000000000001000000000002000010000000000000
000000200000000000030C000000000000100000B000000000
00001010000000000000000000000000000001000000000000
00200000000000000000I00000000000000000000000003000
00000000000000000000000000000100000000000000000000
000000F0000000000000000000000000F00000000000000000
00000000000000200200000000000000000000000000000000
000A0000000000000000000000000000000000000000000000
00000000000200000000000000000000000000000000300000
00000000000000000000000001000000100001000000000000
00000000000000000000000000000000000000000000000002
00000000000000000100000000200000000000000030000010
00000000000000000000000000000000000000000000000000
00200000000100004000000000000000000000000000000000
00000C00000000B0000000000404500000F000000000000000
00000000000000000000000000000000000000000000006000
00300000000000000020040000000000000000000020010000
00000001000000000000000330000000000000000100000000
00000000000000030004000000000000000200003000000000
00030000000330000000000000000000000000000000000000
00000030000200000000000000030000000000003000000003
0C1100000020000000H0000000000000000000020000000004
00002000000000000000000000000000000000000000000000
00000000000000000000000000000000010400040000000000
00000000000000000000000000000000000000000000000001
0D020000000300000000000000000000000000000000000000
00000000000000000000000000000000000000000000000000
0000000000000000000000000000000000000100000000C000
00000000000000000000000000000000000000000000000000
70000000000000000000000000000000000000000000000000
00000000000000000000000000000000000000000000000000
000000000000000000030000000000000000000000E2000000
00000000000200000000000000000000400000000000000000
00000000000000E00000000000000000000000000000000000
00000000000000000000000000000002000000000000000000
00000000000000000000000000030000000000000000300000
00000004000000000000000000000000000000000000000000
00000000000000000100100000000000000000000000000000
00010000000000000000000001000000004000000000000000
2000000000000E000000000000000000000000000000000000
00000000000000000000000000000000000000000000000003
04000000000000000000000000000000000000000000000000
00020004000000000000000040000000000000000000000000
00010000700000000000000000000000000000000000000000
00000020000000000004000000000000000100000003000000
00000000000000000000000000000010000000000000000000
00000000000000000000000000000400000000000000000G00
77768838397475646785982229344563334004008918880136
