00000000000000000001111000110100111050100001210011
00000000000000000000101110111110010011104201011100
00000000000000000030111011101003011101000111031111
20000000000000001000010040030010011020101100000000
000000000000000D0000101110101100001005010100010000
00000000000000000000100001002101A10000001020101100
00000000000000000000110111110000001003110101011010
00000000000000000011101200000410004101101111110101
010A0000000000000100011100100001010011010111001100
12000000000000000010000001000000040010010410100100
00000000000000001100100100000001010100110011411100
30000002000201000411404071100000004010110110000100
01040000000000000001310000000010010111010002000100
10000300100000000010011102001000311011100105010001
00000000000000010A00013110100110110001000140000010
000A0000201003001301110010001000200000000210110122
00001000001000000100111210000001011100000004000201
00000000000000000130100000000100100100110000100111
010000010000000000000A0001030001011130101010101030
01100000000000000000000021104110110101111011100400
00000000000000000000000001111000100000500002111001
00000B00200000000000B00001101120001001110101000101
00000000000000000000000000001110101111111111011001
00000000000000000000000100010011010101210000151110
00000000000000000000000011011000011011010110000000
00000000300030000000001110100100001111110101000000
00000000000000000000010131020010101101110000000101
00000000000200000004100000A04111100000300000000000
00000000000000000000001000000111100000113000000000
00020000000000000000000110011111000101100000000000
100000000000000000000230011111000A1000000000000000
00000000000000300001031111011000000000010000000000
000000000000000010010100000110000001000A0000000000
00000000000000000010111001001500010000000000000000
00000000000000400021010110000000001100000000000000
0000040010B000000000411310110100010111100000000000
0000001000000000330111111001001211011010000A000000
000000B0000000001000200111010001010100000000000000
01000000000000001001100100010000200001000000000000
01000000100001111013010100001100010000000000000000
1003000010000A110010101101010100100100000000000000
110000001101000101315100121110214100010000D0000000
10110000000004011111111010011000000000000000000000
1110011000A0031110000115001010A1101000000000000000
14010100100111100110100031101000001000000000000000
01111001211101111110011101000111011000000000000000
01101110100011100100211011102010000000000000000000
11100131111113000100111011500000002001000000000000
01010001111111401100040410111010000101003000000000
00415500010000111100101411011101110010140010000000
