00000000000000000000000000000000000000000000000000
00000000000000000000D00000000000000000000000000000
00000000000000000000000000300000000000000000000001
00000000007000000000000000000000001000000000000040
00000002000000000000000000000000000000010000000000
00000000000402002000003000000000000000000000000000
00000000000000000010000000000000000000000400000000
00000000000000300000000000000000000000000000000000
00000000000000000000000000000000000000000000000000
000000000000000000000000000000000F0000000000000020
00000000000000000000000000000000000000033000300400
0000000000000B0000000F0000000000000001300000000000
30000000000000000000000000000H00000000010000040002
00000000000D0000000000000D000000000000000030000010
00000000000000000000000000000020000000000000004000
000000000000E0000000000000000000000000000000000000
0000000000000000000E000004005000000000000000020000
001000000000000000000B0000000000000000000000E06000
00000000100000000000000000000000000000004020000000
00000000000040000000000310000000000000000105000000
000000000000000000B0G00002000000000200103000000002
00030000E00030000000000000020000000000004000000000
003000000000000000000000000000C0000000003000000000
000000C0002000000000000000030000000000020000000000
00000000000000000000000000010000000000000000000000
00000000000000000E00000000000000004400000000000000
00000000000000000000000100000000000000000000000000
0002000000000000000000000000200000000000C000000000
00000000000000000000000000000000000000000000000000
00000000000000000000000000010000100000000000000000
00000000000000000000000000000000040000000000000004
70000000000000000000000000000000000000000000000000
00000000200000000000400010100000030000000000000000
0200040000000000000000000000000J000000100000000000
04000000000000200000000000000000000000000000000000
02000000000400000000000000000000000000000000020000
000000000000000000F0000000000002000000000000000000
00100000000000000000000000030010000000000000000000
00000000000000000000000000000000000002000000000000
00000000000000100100000001004000000000000000000000
00010000000000000000000001020000005002000D00000000
20000000040000000000000000000000010000000000000000
0000000000000C000000000000000000000200400000000003
04000000000000000000000000000100000000000000000000
00020004000000000000000040000000000000000000000000
00010000700000000000000000000000000000000000000000
00000020200000100004000001000001000100040300000000
04000000002000000000000000002010000000000000000000
30000000000020000000000000000400000000000000000000
77768838397475646785982259344563434004008918880136
