00440000200000000000CB0000000000000000000000000000
70000040000000400000000000000000000000000000000000
03000000000000000000000000000000000000000000000000
043000000000000000000004000000000000040000000000G0
040000000002000000000000000000000000000000000000E0
10000200000000000002000000000000000000000000000000
03004000000000000000000000000000000000004000000000
02000000000000000000000000000000000000000000000000
00000050000000000023000000000100000000002000000000
00000000000000000000000001000200000000000330000000
00000000000000006000001000000000000300000000000010
00000000000000000000000000000000010000000003000000
000000002000000000000000000400010000EC000040000000
00040000030003003000000000000000000000300000040000
03000400000000000040050400000000000000000000000000
00000000000000000000000000000000000000000000A00000
00000000000010000000000000005000000000000030000000
00000000003000000000000000000000000000000000B00000
00000000000040000000300000000000000000000000000002
00000000000000004000000000000000000100000000000000
00000000000000110000000000000000000000000000004000
00030000000000000000000000000000000000000000000000
00000000000000000300000000000000000000000000000000
00000000000000004000000001000000000000040000000000
2000202000000EE00002000000000000000000000000000000
0000000000000E000010000000000000030000000000000000
02000000000020C22003000000000043000000000000000000
30000000000000000000000004001000000000000000000000
00000000000000000000000220000000000000004000004004
00000000000000000000000003000300000001000000000000
01000000000000000000001001000000000400000000000000
40040000000000004004000000000006400000000000000002
00000000000000000000000000000000400000000000004000
00000000400000000000000200400030000000000003200000
00000000000000000000000040000000000000000000002000
00000000000100000000000000000000000008000000J00000
40000000000000300000000000000000000000000000I00403
00000000000GH0000000000000000000004000004002000000
00000000000000000020000000000000003003000000000000
00000000000004000400000000000000000000000000000006
00040000000000000000000000000000E00000000000000010
200000000000000001000000000000000E0000001000100000
00000000000000000040000002000000003000000000000000
00000000000000000000000000000000004000010200000000
00000000000000000000000000020001000000000000000000
00600000B000210000000000EC000000000000C00030400000
0000000F010000000000000000000000000B00F00030000000
0000000000000000000000000000G000000000000000000040
00000004000000000010000000000000000H00000000000400
77668808397275646785982219044560334004004618780134
