00000000000000000000000000000000000000000000000000
00000000000000000000000000000000000000000000000000
000E00000000100F0000000000000000000000030000000000
0G000000000000000001000000000000000000000000004000
00000000000000000000000000000000000000000000000000
00000000000000000000000000000000000001000000000000
00000000000000000000000000000000000000000000000000
0000D004000000000000000000000000030000000100000000
00000000000400000000000000000000000000000001000000
00B00000000000000000000000000000200000000000000000
00000000000000000000000000000000000000000000000000
00000000000000000000000000000000000000000000000000
0000000000040400000000000000000000000000F000000000
00000000000000000000000000000000000000000000000000
00000000000000000000000000000002000000000000000000
00000F00000000000000000000000000000000400000000001
00000000000000000000000000000000004001000000200000
00000000000000000000000000000000000000000000000000
00000000000002000000000000000000000000000000010020
00000000000000000000000000000000000000000300000000
00000000000000000000000000000004000000000100000000
00000000000000000000000000000000000000000000000000
00000000000000000000400000000000000000000000000000
0000000000000C000000000000000040000000000001000000
00000000000400000000000000000000000000040000000000
00000000000002000000000000000000000000000000000000
A0000000000000004000000040000000000000100000000000
00000000000000000000000000000300000000000000000000
00000000000010000000000000000000000000000000000000
00000000000000000000000000000000000A00000000000000
00000000000000000000000010000000000000000000000000
00400000000000000000000000040006000000010000000000
00000000000000000000000000000000000000000000000100
00000000000000000000000000000030000000020000000000
000040000F0000000000000000000010000000000000000000
0B000000000000000000000000000000000000000000000000
00000000000000000000000000000000000000000000000000
00110000000000000000000000000000000000000000000000
00000000000000000000000000000000000000000000000004
60000000000000100000000000000000000000000000000404
00010000E000000E0000000001000000000000000000000020
5000000000000000000402000000G000000000000000001000
40000000000004000000000I00000000000400000000003401
04000020000001030040000030000000030000E00000000000
0002000000000004000000002000000030B000000000000002
00360002700000000400000000000000000000000000000000
40001070200003000000000000000000000000000000000000
05404001405J00000000001000B00G00000000B00000000102
30000002000040000000000000000000000000000000000000
97768838397475946888982299344564434004009918882436
