20000000020021000000000000000000000010000001200000
00000000000000200000000200000000000300000000000000
20010000000200000000020300000000000000000000000000
21200010000000000200000004000000000000000000000000
00040000000004200000000000000040000000000000000000
01002000000100000000000000000500000000000000000000
20040010000040000000000C00000000000000000000000000
00000000000000040000020000000000000000000000000000
00000000002032300410000000000000000100001000403000
0100034020000340A000100000000000000000000000000400
00000424000000000000000000000000000000000000000000
00100000F70040100000000000000000050000000000000000
01001003000010000000000000000000000000000000000000
00410000000E00100000000000000000000000000000000000
02000000030000000000000000000000000006000000000000
00400000000000000000000000000000000000030000000000
00032000000000000B00000000000000000000000000000000
04040400000000000000000000000000000000000000000000
00000010000400000000000000000003000000000000000000
00000000000000000000020000000000000000000000000000
00000000000000000000200000000002000000000000000000
02000000000100000000000000000000000000000000000000
00000000000000000000000000000000000000000000000000
1000E000000000000000000000000000000000000000000000
00000000002000000000000003000000000000000000000000
00000000000000000000000302000000000000000000000000
00040000000000000000000000000000000000000000000000
00000000000000000000000000000000000000000000000000
00000000000000000000000000000000000C00000000000000
00430000000000002000000000000000000000000000000000
00000000000000000000000000000000000001000000000000
000000000000000000000000A0000000000000000000000000
00000000000000000000000000000000000000000000000C00
20000000000000000300000000000030000D0000000000000A
00000000000000000000000000000000000000000000000000
00031000000000000000000000000000000000000000000000
01000000000000000000000000000000000000000000000000
03000000000000000000000000000000000000000000000084
0000010003000000000000000000000B000000000000000234
02000000000000000033000000000000000000000400000000
21000007000000000000000000000000002000007000000002
100000400000001030000000000000000000A0000000053000
00000000000000000000000000000000000000000A00240222
4000030030000500000000000000300000000B0C0003010203
00002000000001000000000000000000000000000000410305
04000000000200000000200000000000000000000E30304000
000000000021000000000000000000000000000C00B4006000
00200000000200000000000000000000000000000000016300
04002404000020000300000000000000000000000001002330
77668807397265626743972117044560314000004218770104
