00000000000000000000000000000000003000000000000000
01200000000000000000000000000000000400000000030000
040000002000000000000030C0000000001020000000000000
00000000000000020000000000000000000000000003000000
50002000000000000000001000000000010004000030000000
00400002000000000000000000100000000002000000000000
00000400000000000000000000000000000000001000000000
04000000000000000000000000100000000000000000000004
00000000040003000000002200000000000000002000000000
0001000000000000000000000000000000000000000C000000
00000000000000000000000000B00000000000000000000000
00000003100000300000000000000000D00000000000000000
000000000000000000000001010000000000000000E0000000
00000402000400004000000000000000000000000000000000
00000010000000000000000000000000000000000000000000
00400000001000040000000000000000000000000000000000
03000000000000010000000000000002000000000000000000
000000000B000000040G000000000003000000000000000000
00000000000400000000003031000000000000000000004200
44000000000000000000000000000000000000000000000000
00000000000000000000000000000001000000000300020000
000000000000000003000000000400000000000G0000210000
00000000000000000000000000000000200000000000000004
00000000000000000000010000000000000000000000000000
00000000000000000000000000000000000000020000000030
00000003000003000000002000000000000000000000000000
00000000000000000000000000000000000000000000000034
00000000000000000010001000004001000000000000000H00
00000000000000000000000000000000000000000010000030
00200000000000000000003000000100000200000000000000
00000000000000000000000000000000000000000000002000
00000000000000000000000000000030000000000000000000
00000000000000000000000000000000400000I00000000000
00000000001000000000000000000000000040000000000001
00000000000000000000000000000000000000000000000000
00000000000000000000000000000000000000000000000000
00000000030300000000001000000020000000000000000000
00000000000000000000000300000000000004000000000000
00000000010000000000000000000010000000000000000000
00000000001000000000000000000000000000000000000000
03001000000000000000000000000000000300000000000000
2000000000000000000000000000000000030000000000F000
00000000000004000000000000000000000000000000000000
00000000000001002000000000000000000001400000000000
00000000000000000000002000000000000000020000000000
00000000004000000000000000000000034000000000000000
00000000000000000000000000000000000000031300000000
00000000000000000000000000000000003000000000000000
00000000000000000000000000000000000000000000000020
99788839599475986888996399785677449304609918882436
