00000000000000000000000000000000000000000000000000
00000000000000000000000000000000000000000000000000
00000000000000000001000000000002000010000000000000
0000002000000000000I0C00000000000010000000B0000000
00001010000000000000000000000000000001000000000000
00200000000000000000000000000000000000000000003000
00000000000000000000000000000100000000000000000000
00A00000F00000000000000000000000000000000000000000
00000000000000200200000000000000F00000000000000000
00000000000000000000000000000000000000000000000000
00000000000200000000000000000000000000000000300000
00000000000000000000000001000000100001000000000000
00000000000000000000000000000000000000000000000002
00000000000000000100000000200000000000000030000010
00000000000000000000000000000000000000000000000000
0020C00000010000B000000000000000000000000000000000
0000000000000000000000000404500000F000000000000000
00000000000000000000000000000000000000000000006000
00300000000000000020040000000000000000000020010000
00000001000000000000000330000000000000000100000000
00000000000000030004000000000000000200003000000000
00030000000330000000000000000000000000000000000000
00000030000200000000000000030000000000003000000003
00110000002000000000000000000000000000020000000004
C00020000000000000H0000000000000000000000000000000
00000000000000000000000000000000010400040000000000
00000000000000000000000000000000000000000000000001
00020000000300000000000000000000000000000000000000
00000000000000000000000000000000000000000000000000
00000000000000000000000000000000000001000000000000
00000000000000000000000000000000000000000000000C00
70000000000000000000000000000000000000000000000000
00000000000000000000000000000000000000000000000000
00000000000000000003000000000000000000000002000000
000000000002000000000000000000004000000000E0000000
000000000000E0000000000000000000000000000000000000
00000000000000000000000000000002000000000000000000
00000000000000000000000000030000000000000000300000
00000004000000000000000000000000000000000000000000
00000000000000000100100000000000000000000000000000
00010000000000000000000001000000004000000000000000
20000000000000000000000000000000000000000000000000
00000000000000D00000000000000000000000000000000003
04000000000000000000000000000000000000000000000000
00020004000000000000000040000000000000000000000000
00010000700000000000000000000000000000000000000000
00000020000000000004000000000000000100000003000000
00000000000000000000000000000010000000000000000000
0000000000000000000000000000040000000000000000000G
77768838397475646785982229344563334004008918880136
