00440000200000000000000000000000000000000000000000
7000004000000040000C000000000000000000000000000000
03000000000000000000000000000000000000000000000000
04300000000000000000000400000000000004000000000000
04000000000200000000000000000000000000000000E00020
10000200000000000002000000000000000000000000000000
03004000000000000000000000000000000000004000000000
02000000000000000000000000000000000C00000000000000
00000050000000000023000000000100000000002000000000
00000000000000000000000001000200000000000330000000
00000000000000006000001000000000000300000000000010
00000000000000000000000000000000010000000003000000
00000000200000000000000000040001000000000000000000
00040000030003000000000000000000000000300000040000
03000400000000000040050400000000000000000000000000
00000000000000000000000000000000000000000000000000
00000000000000000000000000005000000000000030000000
00000000003000000000000000000000000000000000000000
00000000000040000000300000000000000000000000000002
00000000000000004000000000000000000100000A00000000
00000000000000110000000000000000000000000000004000
00030000000000000000000000000000000000000000000000
00000000000000000300000000000000000000000000000000
00000000000000004000000001000000000000040000000000
2000202000000C000002000000000000000000000000000000
000000000000E0000010000000000000030000000000000000
02000000000020022003000000000040000000000000000000
30000000000000000000000004001000000000000000000000
00000000000000000000000200000000000000004000004004
00000000000000000000000003000300000000000000000000
01000000000000000000001001000000000400000000000000
40040000000000004004000000000006400000000000000002
00000000000000000000000000000000400000000000004000
00000000400000000000000200000000000000000003200000
00000000000000000000000040000000000000000000002000
00000000000100000000000000000000000008000000000000
40000000000000300000000000000000000000000000300403
00000000000030000000000000000000004000004002000000
0000000000000000002000000000000000300300000000I000
00000000000000000400000000000000000000000000000006
0004000000000G000000000000000000000000000000000010
00000000000000000100000000000E00020000001000100000
00000000000000000040000002000000003000000000000000
00000000000000000000000000000000004000010000000000
00000000000000000000000000020001000000000000000000
00600000000020000000000000000000000000600030400000
00000000B1000000000000000000G000000000F00030000000
0000000000000000000000000000030000H000000000000010
000000040000000000100000000C0000000000000000000400
77668808397275646785982219044560334004004618780134
