00000000000000000000000000000000000000000000000000
00000000000000000000000000000000000000000000000000
00000000000000000000000000000000000010000000000000
0000002000000000000304000000000F0010000B0000000000
0000000000000000000000000000000000000000000E000000
0000000000000000000000000C000000000000000000003000
00000000000000000000000000000000000000000000000000
0000000000000000000I000000000000000000000000000000
00000000000000200200000000000000000000000000000000
00000000000000000000000000000000000000000000000000
0000000000000000000000000000000000000000I000300000
00000000000000000000000001000000000001000000000000
0A0000F0000000000000000000000000000000000000000002
00000000000000000100000000200000000000000030000010
00000000000000000000000000000000000000000000000000
0000000C000000004000000000000000000000000000000000
00000000000000300000000004045000000000000000000000
00000000000000000000000000000000000000000000006000
003000000000B0000020040000000000000000000020010000
0000000100000000000000003000000000000000010000000C
00000000000000030004A000000000000002F0003000000000
00030000000330000000000000000000000000000000000000
00000030000000000000000000000000000000003000000003
02110000002000000H00000000000000000000020000000004
20002000000000000000000000000000000000000000000000
00000000000000000000000D00000000010000040000000000
C0000000000000000000000000000000000000000000000001
0002000000030000B000000000000000000000000000C00000
00000000000000000000000000000000000000000000000000
0F00000000B000000000000000000000000001000000000000
00000000000000000000000000000000000000000000000000
70000000000000000000000000000000000000000000000000
00000000000000000000000000000000000000000000000000
000000000000000000030000000000000000000E0002000000
0000000000020000000000E000000000000000000000000000
00000000000000000E00000000000000000000000000000000
00000000000000000000000000000000000000000000000000
00000000000000000000000000030000000000000000000000
00000004000000000000000000000000000000000000000000
00000000000000E00100000000000000000000000000000000
0001000000000000000000D000000000004000000000000000
20000000000000000000000000000000000000000000000000
00000000000000000000000000000000000000000000000003
04000000000000000000000000000000000000000000000000
00020004000000000000000040000000000000000000000000
00010000700000000000000000000000000000000000000000
00000020000000000004000000000000000000000003000000
00000000000000000000000000000010000000000000000000
00000000000000000000000000000000000000000000000G00
77768838397275646785982229344563334004008618880136
