0000000005000H000000000000000000000000000000000000
00000000000000000000004000000000000000000000000000
000010000000000000000000000000000000H0000000000000
00000000000000000000000003000000001000000000000000
000000000000H0000000000000000000000000000000000000
00000000000000000000000000200000000000000000000100
00000000000000000000000000000000000000000000000000
00000000000000000000000000000000000000000000000000
00000000000000000000000000000000000000000000000000
0C000J00000000000000000000400000000000000000000000
00000000000000000000000000000000000000000000000000
000000F0000004000000000000000000000000000000000200
00000000000000000000000200000000000000000000000000
0000000000000000000000004000000000000000000F000000
0000000000000000000000000004000000000E000000000000
00000000000000000000000000040000000000000000000000
00000000000000000000000000000000000000000000000000
00000000000000000010000B04000000000000000000000000
00000000000000000000000030002000000000000000000000
00030000000000000000000000000000000000000000000000
000000000E0000000000000000000000000000000000300000
000000000000000100000000000002000000000000000000G0
00000000000000000000000000000000000000000000000003
00000400000000000000000000000000000000000000000000
00000000000000000000000000000400000000000000000000
00000000040000000000000000000000030000000300000000
00000000000000000000000000000000000000000000000000
00000000000000003000000000000000000300000000000000
00000000000000000000300000000000000000000000000000
00000000000000000000000000000000000000000000000000
00000000000000000000C00000000000000000000000000000
01000000000000000000000000000000000000000000000000
0000000000000000000000E000000000000000000000000000
00000000000000000000000000000200000000000000000000
00000000000000020000000000000000000000000000000000
00000000000000000000000000000000000000000000000000
00000000001000000000000000000000000000000000000000
00000030000000000000000000000000000000000000000000
0000000000000300000000000000000000000300H000000000
00000000000000000000000004000000000000000000040000
00000000000000000000000000000000000000000000000000
00004000000000000000000300000000000000000000000000
00000000000000000000004000000000000000000000000000
000000000000000000000000J0000000000000000000000000
00320000000000000000000000000002002000000000000000
00000000000000000000000020000004000000001000040000
0000000000H000000000000000000000000000000000000000
00000000000000000000000000000000000000000000000031
00000000D02000000000000000000000000000000000000000
97788839597475986888992299584567437304609918882436
