0000000005000H000000000000000000000H000F0000000000
00000000000000000030004000000000000000000100000000
00001000000000000000000000000000000000000000000000
00000000000000000000000003000001401000000000000000
00000000000000000000000000000000000000000000000000
01000000000000000000000000200000000000000000000100
00000000000000000000000000000000000000000000100000
020000000000000000E0000000000000000000000000000000
00C000000000000000H0000000000000000000000000000000
00000000000000000000000000440000000000000000000000
00F00000000000000000000000000100000000000000000000
0J00F000000004000030000000040000000000000000000200
00000000000000000000000200000000000000000400000000
000000G0000000000000003040000000000000000000000000
0000000000000000000000000004000000E000000000000000
00000000000000000000000000040000000000000000000000
00000000000F00000000000000000000000000000000000000
000100000E0000000010000004000000000000000000000000
000000000000000000000000300020000000000000000000G0
00030000000000000000000000000200000000000000000000
00000000000000000000000000000000000000000000300000
00400000000000010000000000000H00000000000000000000
00000000000000000000000B00000000000000000000000003
00000400000002000000000000000000020000000000000004
00000000000000000000000000000400000000000000000000
00000000040000200000000000000000030000000300000000
00000000000000000000000000000000000000000000000000
000000000000000030000E0000000000000300000000000000
00100000000000000000000C00000000000000000000000000
00000000000000000000000000000000000000000004000000
00000000000000020000000000000400000000000000000000
01000000000000000000000000000000000000000000000000
00000000000000000000000000000000000000000000000000
0000000000000000000000000000G200000000000000000000
000000003000000E0000000000000000000000300000000000
00000000000000000000000000000000000000000000000000
00002000001000000000030000200000000000000000000000
0000003000000000000000J000000000000000000000000000
000000000000030000F0000000000000000003000000000000
00000000000000000000000004000000000000000200040000
000000000000000000000000000000000000000G0000000000
00004000000000000000000000000000000000000000000000
00000000000000000000004000000000000020000000000000
00000000000000000000000000000000002000000000000000
0032000000J000004000000000000002002000000000000000
00200000000000000000000020000004000000001000040000
00000000000000000000000000000000000000000000000000
00000000000000000000000000000200000000000000000031
00000000002000000000000000000000000000000000000000
97788839597475986888992299584567437304609918882436
