00000000000000000000000040000000000400002010000000
00002000000000300000010000000000024000000000040000
00000000000000000000004000020000000010220000320001
00001000000000000000000000000000040000002000000004
000000000000000000000A0040000000403000000300300000
00000000000000000000000000001000000020000000000040
00000002000000000000000000000000000000000004001000
00000000000000000000000000000020000001000030002000
00000000000002000000000000021000030000100000000000
00000000000000000000033000030002000000402002007000
00000003000000000000000000003000000070000000000030
00000000000000000000000003300000000000000000000040
00210000010000000000000300003000200300000000004002
00000000000000000320000104000042005430000000000200
00000000000000200000200000001400012000004000200001
10000000000000400200000000024080000600000040000000
04000032000100000000200030000003000002402000003000
00000000000000000003003000000003000040000004000300
00040030000000200020000000100000000000004000401000
00000000000040000400000002000002430000000303024200
00000000000000003000000100000304000003020300103004
000000000000000030000000001000000A2000002040000223
000002000000000000B0000001003000040000000000200001
000000000000000000000000000000000030A0000000000020
00000000000400000000000000030000000010000000010030
0000000000000000000001000300000000000000000B004000
00000000200000000000000002080000000000000340000000
00000000010000A00000000000100000000040000000010000
00000000000000100000000000000000100000000000000032
00000000000000000000000004100000000000000000000000
0000000000000000000000000201000B000000000000000000
000000000000100000000B0000000000000000004000000000
00000040000B00000000A0000000000005B000000000000000
00000000000003300000000000003000000000000000000000
00000000300000000000000000000400000000000000000000
00030000000000000000000000004000000000000000000000
00000000420200000000000000000000000030000000000020
00000000000000000000000000000000000000000000000000
00000000000000000000000C00000000000000000000000000
00000000000000000000000000000000000000000000000000
00000000000000000000000000B00000000000000000002000
000000A0000000000000000000000100000000400000000000
0000000000000000000C000000000000000000000000000000
00020040001000000000000000000000000000000000000000
00330000010000000000000000000000000000000000100000
0B00A000000000000000000000000000000000030000000000
00000000000000000000000000000000000000000000000000
20000000000000000000000000000000000000000000000000
00000400000400000100000000000000000000000004000000
35646504086104114410101007000501352100340010400100
