00400000000000000000000000000000040000000000000000
0000000000000000000000000040000I000000000000000000
00000000000000000000000000000000000000000000000000
00000000000000000000000000001000000000000000000000
00000000000000000000000000000000000000000000000000
00000000000000000000000000000000000000000004000000
00000300000000000000000000000000000000010000000000
00000000000000000000000000000000000000000000000000
0000000000000004000000L000000000000000000000000000
0000000000000000000000000000D000000000000000000000
00000000000000000000000000001000000000000000040000
00000000000000000000000000000000000000000000000000
000000F0000000000000000000000000000000000000000200
00000000000000000000000000000000000000000000000300
000000000000000000000000000000000E0000000000000000
00000000000040000000000000I00000200000000000000000
00000000000000000000000000000000000100000000000000
00000000000000000000000000000000000000000000000000
00000000000000000000000000000000000000000000000000
6000000000000000000000H003000000000000000000000000
00000000000000000000000000000000000000000000000002
00000000000000000000000003000F00000000000000000000
0000000000000000000000100000000000D000000000000000
00000000000000000000000000000000000000000000000000
0000000000000000000000000000000000000000000F000000
00000000000003000000000000000000000E00000000003000
0000000000000000000000003002000000000B000000000000
00000000000000000000000000000000000000100000000000
00000000000001000000000000040000000040000000000000
000000000H000000000H000000000000000000000000000000
00000000000000000000000000000000000000000000000000
00000000000000000000010000000000000000000000000000
0000020000000000000G000000000000000004000000000000
00000000000000000000000000000000000000000000000000
00000000000000000000000000000000000000000000000000
000C000000H000200000000000003000000000000000010030
000000000000000000F0000000300000000000000000100000
00000000000000000000000000000000000000000000000000
00001000000000000000000000000000004000000000000000
00000000000000000000000000000000000000000000000000
30000000000000000000000000000000000000000000000000
00000000J00000000000000300000000000000000000000000
00000002000000100000000000210000000000000000000000
00000000000000000000000000000020000000001000000000
00000000000000000000E00000000000000000000000000000
00400000000100000000000000000000000000000000004030
00000000000000000003000000000000000000000000000040
00000000400000000000000000000000000000000000000000
0000I000000000000000000000000000000000000400000000
99888839599475988888996399785677549304609918882436
