0044000000000000000000000000000G000000000000000000
70000000000000400000000000000000000000000000000000
02000000000000000000000000000000000000000000000000
04300000000000000200000000000000000000000000000000
04000000000000000000000000000000000000000000000020
1000000000000001030C000000000000000000000000030000
03000000000000000000000000000000000000000000000000
02000000000000000000000000000000000000000000000000
0000000000000000000000000000000000000000000G000000
000000000000000000000000000002000000000000000000E0
000000100000000060000000000000000003000000000000B0
00000C000000000000000000000000000000000000C0000000
00000000000000000000000000000000000000000000000000
00000000000000000000000000000000000000000000000000
00000000000000000040000000000000000000000000000000
000H0000000000000000000000000000000000000000000000
00000000000000000000000000005000000000000000000000
0000000000300000000000000000000000A000000000000000
00000000200000000000300000000000000000000000000002
00000000000000000000000000000000H00100000100000000
00000000000000010000000000000000000000000000000000
00000000000000000000000000000000000000000000000000
00000020020000000000000000000000000000000000000000
00000000000400004000000000000000000000000000000000
00002000000000000000000000000000000000000000000000
00000000000000000000000000000000000000000000000000
0200000000002002200000000000000000000A000000000000
30010000000000000000000000000000000000000000000000
00000000000000000000000000000000000000000000000004
00000000000000000000000000000300000000000000000000
00000000000000000000000000000000000400000000000000
40000000000000000004000000000006000000000000000002
00000000000000000000000000000000000000000000004000
00000000000000000000000000000000000000000000000000
0E000000000000000000000040000000000000000000000000
000000000000000000000000000000000G0000000000000000
00000000000000000000000000000000000000000000300400
00000000200000000000000000000000004000000000000430
000000000000G0000000000000000000003000000000000000
0000000000000000040000000010000000000B000000000004
0004000000003000000000000000000100000000000000001I
00000000000000000000000000000000000000000000000000
0000000000000000000000E000000000403000000000000000
00000000000000000000000300000500304000010000000000
00000000000000E00000000000020000300000000000000000
00600000000000000000000000000001000100600000400000
0000B000000000000000000C000000H0000040000030000000
00000000000000000000000000000001000040000000000010
000000000000000000000000000000G000000000030F000400
77668808397275646785982219044560334004004618780134
