00000000010000400200000020000000000000000001000000
00000002010000000000300000000000000000000600000000
02000000000010000000000000000001400000060200000000
00000000000000000001000000000000000300000000004400
02200000000000000000000000000000002000000000000000
00000000000000000000000000000200030001000003000000
00000000000000000000000000040003000000000010000000
00000000000100000300000000000000030000000100020000
00000010000000000000002000000400200000000001000000
20000000000000000000000000000000203000000000000000
000000000000000000000200000000000001B0000004000000
00000000000000400000020200000000000000000003000000
00000000000000000000000105000000100040040000000000
00000400000000000000000000000400000000000000000004
00000000000000000000000000200002000000000000000000
00000000000000000000000000000003000000000000010004
00030000000000000000000030000000004000000000200000
00000000000000000000000000000100000000400000000000
00000000000E00000000000010000000000000000000010020
00000000000000000000000000000000000400000300000020
001000000000000000000000000000040000C0000104002002
10000000000000000000000000000000000000000400000000
00020000000000000000000020000000000000020000000000
00000040000000000000000000030040000000000001000000
00000000000000000000000000000000000001000000000300
00000000000000000000000000000000000000000000000003
00400200000000002000000040000000000000000010000000
00000000000002000000100000000000000000000000000000
00000000004000000000004000000000J00000000040002000
00000000000000000000000300000000000030000000000000
00001000000000000000000000000000000000000300000003
00000002000000000000000000000000000300000000000000
00000000000000000000200000000000000000000003000100
00000000000000000000000000000000000000000000000000
000000000000000000030000000000000000000000004030E0
00000004000000000000000004000000000000000000010000
00000000000000000000000000000000000300000000000000
01004000000000000000000000000000000000000000000000
00000000000000000000000000000000002000000000000000
0200000000000020000000002000000000000000004C000000
00000000000000000000000000000000000000000000200000
00000000000000300020000000000000000000000000000000
00000000000000000100000000000000000000000000000000
00000000000040000000000000000000000000000000000000
00000000004000000000000000000000000000000000000000
00000200000000000000000000300000000000000000000000
00000000B0000000000000000000000000040B000000000000
00000000000000000000000000040000000000000000000002
0000000000000000000E000000000000000000000000000030
97768838397475946888982299384564434004409918882436
