20000000020001000000000000000000000000000001000000
00000000000000200000000200000000000020000000030000
20010000000200000000020300000100000000004000000000
21200000000000000000000004000000200000100000000000
00040000000004000000000000000000000000000300000000
01000000000100000000000000003001000000000000000000
20000000000040000000000000000000000000A00000000000
00000000000000040000020300000200000000000000000000
00000000002032300000000040000000000000000000000000
00000300000003000000100000000004000000000000000000
00000420000000000000000000000000000000000000000000
00000000000040100000000000000000000000000400000040
01000003000010004000000001000000300000000000000000
00010000000010100000000000000501000000000000000000
00000000000000000000000400002004000000003000000000
00400000300000000000400300000000000200020000000000
00000000040400000000000000000130000000000000200000
00000400000024200000004000000000000000000000000000
00002010000000000000020000000000000000000000010000
00000000030050200004000000000000000010000002000000
000000000000000000000000000000000B0000000000000A00
0200000000000E000000000000000B00004000300003000040
00020000000000000000000000004000000010040100F00000
00000400020000000430000011030000100000000000000000
00000003000004000000000010000000020000003000010020
00030000000000000000000000000020000000000020010001
00240000001001000000400000000000001030000000000000
00002003000000000000000000000000010000040000000005
00000000000003000004000000000000020000000004000020
00400000000000000000000000037000000040005020400000
00000000A00000150000000000030000001303000301200000
0000000000000001000000000030204E060120010000001032
00000000000000100000101030044000000040000000000000
20000000000000000010100000001004101420003100030300
00000300002000200000004000313010100020400000001030
00030000000000000000001010124000000530364000000440
01010000000000000000100002206010240004003430000400
00000040000000000004000000000000000034334004300084
00000130000000000000004020109000400110005000002234
00000000000000000001004020200000000000030440001000
01000003000002000000012400020000000000047000000002
0000000000000000004000103C000300000000230400053000
00000000000000000000030020002040200300400000140222
40000300300005000000002000003300770000703013010203
00002000000001000000201000000000000003007020410305
040000000002000000004B0000330000041000130100304000
00000000002100000030000000001000030003350004006000
00200000000200000000000006002701004010006000016300
04002000000000020000000140402030001304020001002030
77668807087265626743972117044560314000004218770104
