20000000020001000000000000000000000010000001200000
00000000000000200000000200000000000300000000000000
20010000000200000000020300000000000000000000000000
21200010000000000200000004000000000000000000000000
00040000000004200000000000000040000000000000000000
01002000000100000000000000000500000000000000000000
2004001000004000000000000C000000000000000000000000
00000000000000040000020000000000000000000000000000
00000000002032300410000000000000000100001000403000
01000340200003400000100000000000000000000000000400
0000042000000000A000000000000000000000000000000000
00100000070040100000000000000000030000000000000000
01001003000010000000000000000000000000000000000000
00410000000010100000000000000000000000000000000000
020000000300E0000000000000000000000006000000000000
00400000000000000000000000000000000000030000000000
00002000000000000B00000000000000000000000000000000
000404000F0000000000000000000000000000000000000000
00000010000000000000000000000000000000000000000000
00000000000000000000020000000000000000000000000000
00000000000000000000000000000000000000000000000000
02E00000000100000000000000000000000000000000000000
00000000000000000000000000000000000000000000000000
00000000000000000000000000000000000000000000000000
00000000002000000000000003000000000000000000000000
00000000000000000000000002000000000000000000000000
00040000000000000000000000000000000000000000000000
00000000000000000000000000000000000000000000000000
00000000000000000000000000000000000C00000000000000
004300000000000020000000A0000000000000000000000000
000000D00000000000000000000000000000010000000000A0
00000000000000000000000000000000000000000000000000
00000000000000000000000000000000000000000D00000000
20000000000000000300000000000030000G00000000000000
000000000000000000000000000000000000000000000000C0
00031000000000000000000000000000000000000000000000
01000000000000000000000000000000000000000000000000
03000000000000000000000000000000000000000000000084
00000100030000000000000000000000B00000000000000234
02000000000000000030000000000000000000000400000000
21000007000000000000000000000000002000007000000002
1000004000000010300000000000000000000A000000053000
00000000000000000000000000000000000000000A00240222
4000030030000500000000000000300000000C000013010203
0000200000000100000000000000000000BB00000000410305
040000000002000000002000000000D00000000C0000304000
00000000002100000000000000000000000000050004006000
00200000000200000000000000000000000000E00000016300
04002404000020000000000000000000000000000001002330
77668807087265626743972117044560314000004218770104
