00000000400000000000000000110000000402040001210011
0040000000000000000000A010100000030000504231011100
00200000000000000000511001000000000000400141031111
00000000000000000010010070090000000000001101000400
00003000000010000020101110101000000000010020012000
00000000000000000000000400002000000000000000241100
000000000000000000A0100000020000000000000001011010
00000000000000000001200000D00000000000000001110122
00000000000000300000000000000000000000000001201100
000000B0000000000000020000000000000001000400100400
00000000000000001100100000000100000000000011411101
0000000000000000D650000000000300000000000110001103
00000000001000000000300000000000000000000002000130
00000000000000000000100000000000000000000105010301
00000000000000000000000000000000010000020000000014
00000000001000000000000000000000103000000003200000
240000000310000A0000002000000000000000300004000000
000000000000000000000000A00000000020000000001001A1
00000004004000000000000000000000000000000000001130
000000000000000000000000000A0000000000010000000400
000000000000000000000000000000340000005200000A1001
00400000200000000000000000000000000001100100000101
000000000000000000A0000000000000000000000000001002
00000000000000000000000000000000000001000000001110
00000020000000000000000000000000000010000110000000
000000030004000000000000000000000000A0000024001002
00000000000000000000000000000000000000000000000111
00000000000000000004000000000000000000000000100004
0000100000000000000000000000000000000020000300A000
00000000000003000000000400000000000100000000000000
0000000000000100000000000000000100000A000000000000
00000000000002000000000000000000020300000030000000
00000000200000000000000000000000000000000000000000
00000000001000000300000000400000000000000000000000
00000050000000000021000000000000000000000000000000
00000000000000000000000000000000000000000000000000
30030000000000000000000000000000000000000000000000
00000004000000000000004000000000000000000000000000
00000004000000000000000000000000000000000000000400
01000000000400000000000000000000000000000000002400
00000020000000000000000000000000000000000000004000
00000000003000100000000000000000000000000000000200
00000000000000000000000002000000000000000000000000
00C03000000000000000000000000000000000001000000000
00003000000000000000000000000000000000000070100008
A0000000000000000000000000000000000000000020000000
00000000000000000000000000000002030000004004020000
00000000300000000000000000000000000001000000030000
00000000000020000000000000000000000101408044000000
02415500080100114110101400000101120030140010000000
