00402000000000000000000000000000040000000000000000
00000000000000000000000000400000010000000000000000
00000000000000000000000000004000000000000000000003
000000000000000000000000000010I0000000000000000000
00000000000000000000000000000000000000000000000000
00030000000000000002000000000000000000000004000000
00000300000000000000000000000000000000010000000000
00000003000000000000000L00000000000000000000000000
00000000000200040003000000000000000000000000000000
00000000000000000104000000000400000000004300000000
00000000000000000000000200001000000000000000040000
00000000000000000000000000000000000000000000000000
00000000000000000000000000000000000000000000000500
00000000000000000000000000000000000000010000000300
00000000000040000000000000000000000000000000000200
00004000000040000000000000000000000000000000000000
000000000000000000000000000000000000E0000000000000
00000000000000000000000I00300000000000000000000000
000000000000000000000H00000000000000000000000D0000
600000000000000000000000030000F0000000000000000000
00000000000000000000000000000000000000000000000002
00000000000000000000000003000000000000000000400000
04000000000010000000000000000000000000000000000000
00000000000000000000000000000000000000000B00000000
00000000010000000003000000000000000000000000000000
00002000000003000000000000000100000000002000003000
000000000000000000000000300200000000E0000000000000
00001000000000000000000000000000000000000000000010
00000000000001000000000000040000000040000000030000
00000000000000000000000000000000200000000000000000
00000000000000000000003000000000000000002000000000
00000000000000000000010000000000000000000000000000
000002000000000000000H0000000000000004000000000000
00000000000000000000000000000000000000000000000000
00000000000000000000000020000000000000000000000000
00000000000000H00000000000003000000000000000010030
0000000000004000F000000000300000000000000000100000
00000000000000600000000000000000000000000000000000
0C001000000000000000000000000000004000000000000000
000000000000J0000000000000000000000000000040000000
30000000000000000000000000000000000000000000000000
00002000000000000000000600000000000000000400000000
00000000000000100000000000210000000000000000000000
00000000000030000000000000000020000000001000000000
000000000000000000E0000000000000000030004000000000
00400000000100000000000000000000000000000000004030
00000000000000000003000000000000100000000000000040
00000000400000000000000000000000000000000000000200
00000400000000000000000000100000000000000400000000
99888839599475988888996399785677549304609918882436
