00900000000000200010000000000000000000002003000000
04030000000000000000002004004004100000320000000000
040000000003020000000000000000040000000010000E0000
00000000203100001000000000000000000000000000000030
00000002000300000200000000000000000000040000000000
00000100000000000000000000100000000000000000000040
00000000000031000000100000000000000000000000000000
00200000000000000100000000000000000000000000000000
01000000070031000000000000000000000000000000000000
03000000202100000000001000000000000000000010000000
00000010400204300000000000000100000000000000000300
00000000000000002000000000000000000000300000000000
30004340000040100100000000000000000000000000000000
00040500000000020000010001000000000000000400000000
070002000040400040004000000C0000040200020000000000
00000000000044000000000000000000000000000000000400
30002430300100000000300004001000000000000000000000
0000000000004000C000000000000000000000000000000020
00000300002000000004000000000000100000000000002000
00500000002300000000001000000000000000000000000000
04000100000000100000000040C04000000000000000000000
00000000000002000000004000000000000000000000000000
00000000000000000020000010000000001000000000000000
00000000000300002440000000400000000000000000000000
000001000020000000300C0004000000000000000000004000
00000000300000000000000000000000000000000000010000
04060000000000000010000000000000040000040000000000
00030000002000100000000000000000000000004000304000
00000000000000000000000004000000000000000100000000
70000050000000040004004000004000000000000000000000
00002000000020000000000000000000000000300000010000
00000000300000000000000000000000200010000000000000
01000000000000202000020000000000000003003000000110
00000000000000000000000000000000000000000000000000
02000004000000000022000002000000000000004000000000
00000000030400200000400000010000010000000000000000
00040000000000040030000000000000003000000000000000
40000400000000000100000000000000040000000000000000
00000000000000030000000000000000000000000000000004
60020000030000040000000400000400000000600000000400
00010000100000000000000000000000000000000000000020
50002000200000000000000000000000000000000000200000
40000003000004000000000000000000040000000000003001
04000020000001030000000000000004000003000000000000
00020004000000040000000000000202000000000000000000
00310000700000000000001000000000000040000000000000
40000070200000000000000000400000000000030000000000
04404001405400000000000000000300000000000000000102
30000002000000000000000000000000000000000000000000
97768838397475946788982259344564434004009918882136
