00000000000000000000000000000000000000000000000010
00200000000000000004000000000000000000000000000000
000000002000000003000000000000000010000000000003C0
00000000000000000000000000000000000000000000000000
20000000000000000002000000000000000000000000000000
00000000000000000000000000H00000000000000000000053
00000000000000000000000000000000000000000000E00000
00000000000000000000000000000000000000000000000000
00000000000000000000000000000000000000000000000000
0000000000000000000000000000000200000000A000000000
00000000000000000000000000000000000000000000000004
00000000000F000000000000H0000000000000300000000010
00000000000000000000000000000000000000000000003004
00000002000000000000000000000000000000000000000020
00000000000000000000000000000000000000000000003002
00400000000000000000000000000000000000000000400000
00000000000000000000000000000000000000000000000004
00000000000000000400000000000000000000000000000000
00000000000000000000000000000000000000000000000000
04000000000004000000000000000000C00000000000000000
00000000000000000000000000000000000000000000000000
00000000000000000000000000000000I00000000000000000
00000000000000000000000000002000000000000000000001
00000000000004000000000000000000000003000000000000
00000000000000000000002000000000000000000000000000
00000000000000000300000000000000330000000000000000
000000000000000000000000F0000000000000400000004000
00000000200000000000000020000000000000000000100000
0000000000000000G000000000000000000000000040040000
0000000000000000001000000000000000G000000000000000
00000000000000000000000000000000000000000000000000
00000000000000000000030003000000000000000000040000
00000000000000000000000000000000000000000000000000
00000E00000000000000000000000000000000000000000001
0000000F00000000G000000000000000000000000000000000
00000000000000040000000000000000000010000000000000
00000000000000000000000000000020000000000000000000
00000000000000000000000000000000000004000000000000
00000C00000000020000000340000000000000000004000000
00000000000010000010000000002000000000000000000000
00000000000000000000000000000000000000000000000000
00000000000000000004000000000000000300000000000000
00000000000000000000000000000000000000000000000000
00000000000000000000000000000000000001000000000000
0A000000000000C00000000000000000000000000000000000
0C00000000500044000000E000000000000000000000000000
00000002000G00000000100000000000000000030000000000
00000000000000000000000000000000000000000000000000
00000000000000000000000000000000000000000000000020
99788839599475986888996399585677447304609918882436
