20000000020001000000000000000000000000000001000000
00000000000000000000000200000000000000000000000000
20010000000200000000020300000100000000004000000000
20000000000000000000000004000000200000100000000000
00040000000004000000000000000000000000000300000000
01000000000100000000000000003001000000000000000000
00000000000040000000000000000000000000000000000000
00000000000000040000000300000200000000000000000000
00000000002032300000000040000000000000000000000000
00000300000003000000100000000004000000200000000000
00000000000000000000000000000000000000030000000000
00000000000040100000000000000000000000000400000040
01000003000010004000000001000000300000000000000000
000100000000001000000000000001000000000000A0000000
00000000000000000000000400002000000000003000000000
00000000000000000000400300000000000200000000000000
00000000040400000000000000000133000000000000200000
00000400000004200000000000000000000000000000000004
00002010000000000000020000000000B0000000000000A000
00000000000030200004000000000000000010000002000000
000000000000000E00000000000000000400000000000F0000
00000000000000000000000000000000004000000003000040
00020000000000000000000000004000000010040100000000
000004000200000004300000110300B0100000000000000000
00000003000004000000000000000000020000003000010020
00030000000000000000000000000020000000000020010000
00200000001001000000400000000000001030000000000000
00002003000000000000000000000E00010000040000000005
00000000000003000004000000000000020000000004000020
00400000000000000000000000037000000040005020400000
0000000000A000150000000000030020001303000301200000
00000000000000010000000000302044060120010000001002
00000000000000000000001030044000000040000000000000
20000000000000000010100000001004101420003100000300
00000300000000000000004000313010100020400000001030
00030000000000000000001010124000000530364000000440
00010000000000000000100002206010240000003430000400
00000040000000000004000000000000000034334004300084
00000030000000000000004000109000400110005000002234
00000000000000000001004020000000000000030040001000
01000003000000000000002400020000000000047000000002
00000000000000000040001032000300000000230400053000
00000000000000000000030020402040200300400000100222
40000300300005000000002000023300770000703013010203
00002000000001000000201000000C00000003007020410305
04000000000000000000450000030000041000130100304000
00000000000100000000000000001000030003350000006000
002000000002000000000B0006002701004010006000016300
04000000000000020000000140402030001304020001002030
77668807087264626743972117044560314000004218770104
