00440000000000000000000000000000000000000000000000
70000040000000400000000000000000000000000000000000
0300000000000000000000000000000000000000000E000000
04300000000000000000000400000000000004000000000000
0400000000000000C000000000000000000000000000000020
10000200000000000002000000000000000000000000000000
03000000000000000000000000000000000000004000000000
0200000000000000000000000000000000C000000000000000
00000010000000000023000000000100010000002000000000
00000000000000000000000001000200000000000330000000
00000000000000006000000000000000000300000000000010
00000000000000000000000000000000000000000003000000
00000000000000000000000000040001000000000000000000
00000000030000000000000000000000000000000000040000
00000400000000000040010400000000000000000000000000
00000000000000000000000000000000000000000000000000
00000000000000000000000000005000000000000000000000
00000H00003000000000000000000000000000000000000000
00000000000040000000300000000000000000000000000002
00000000000000000000000000000000000100000100000000
00000000000000110000000000000000000000000000004000
00030000000000000000000000000000000000000000000000
000000000C0000000000000000000000000000000000000000
000000000004000040000000010000000000000000A0000000
20002020000000000002000000000000000000000000000000
00000000000000000010000000000000030000000000000000
02000000000020022003000000000000000000000000000000
30000000000000000000000004001000000000000000000000
00000000000000000000000200000000000000000000000004
00000E00000000000000000003000300000000000000000000
01000000000000000000001001000000000400000000000000
40040000000000004004000000000006000000000000000002
00000000000000000000000000000000000000000000004000
0000000000000000000000000000000G000000000000200000
00000000000000000000000040000000000000000000000000
00000000000100000000000000000000000004000000000000
00000000000000300000000000000000000000000000300403
000000000000000000000000000000000040000000020000I0
00000000000000000020000000000000003003000000000000
00000000000000000400000000000000000000000000000004
00040000000030000000000000000000000000000000000010
000000000G0000000100000000000000020000000000100000
00000000000000000040000000000000003000000000000000
00000000000000000000000000000G00004000010000000000
000000000000000000000000E0020001000000000000000000
0B6000000000000000000C0000000003000000600000400000
00000000310000000000000040000000000000000030000000
00000000000000000000000000000000000000000000000010
00000000000000000010000000000000000000F00000000400
77668808397275646785982219044560334004004618780134
