00000300000000000000000000000000000000000200200000
0000000000000000000000020000000000000E000100000000
00000000000000000000000000000000000000003000000000
00000000000000000000004000000031000000000000000000
00000000000000000000000000000300000000000200000000
0G000000E00300000000000002000300000000000000000002
00000000000003000000000000000000300000000000000000
0000000000000000000000000E000000000000000000004000
00020000000000002000000000000000000000000000000000
00040000000000000000000000100D00000020004000000000
00000000000000000000000000000000000000000000000000
0200000000000000000000000000000000004000E000000000
00000000000000000000000000000000000000000000000000
00000000000000000000000000000000A00000000000000000
000000000000000F0000000000000000000030000000000000
00000000000000000000000000000000000000000000000020
00000000000000000000000000000000000400000000000000
43000000000000000000000000000000000000000000000000
0000000000000000000020200000C000000000000000000000
30200000000000000000000000000000000200000000000000
0000010004000000000000000000E00000000000000000H030
00000000000000000000004000000000000000000000000000
00000000000000000000000000000000002000000040000000
00000000000000000000000000000000000000000000030300
00000000000000000000000000000002000000000000000000
0H0000000000000000000000000000000H0000000000000000
00000000000000000000000000000000000000000000000000
00001000000000000202000000000000000000000000000000
00100000000000000200000000000010000000000000002000
00000000000000000000000000200000000000B00000030000
0000000002000000000000E000000000000000000000000002
04F04000000000000000000000000000000000000000000000
02000000003000000000000000000000000000000000000300
00000000000000000000000000000000000000000000000000
00002000000000000000000000000000000000000000000000
00000000000000000000000000000000000000000000000000
00000000000000000000000000000000000000000000000H00
00000000000000000000000000000000000000000000000000
00400000000000000000000000060000000000000000000000
4000000000000000000000000000000A000000000000004000
00000000000000000000002000000000000000000000000002
40000000000000000000000000000000000000000000000000
0000000000E00000000A000000000000000000000000000000
00000000000000004000000000000000000000000000000000
0000000000000000000000000000000H000000000000000200
0000002000000000000000000000000000000000D000080000
0000000000000000000000000000000000000E000000000000
00000000000000000300000400400200000003001000000031
02F030000020000000000004000000000000000F0000003100
97788839599475986888992299584567437304609918882436
