00440000000000000000000000000000000000000000000000
70000000000000400000000000000000000000000000000000
03000000000000000000000000000000000000000000000000
04300000000000000000000400000000000004000000000000
04000000000000000000000000000000000000000000000020
100002000000000100C2000000000000000000000000030000
03000000000000000000000000000000000000000000000000
0200000000000000000000000000000000400000000000E000
00000000000000000000000000000000010001000000000000
000000000000000000000000000002000000000C0000000000
00000000000000006000000000000000000300000000000000
00000000000000000000000000000000000000000000000000
00000000000000000000000000040000000000000000000000
00000000030000000000000000000000000000000000040000
00000000000000000040010000000000000000000000000000
000000H0000000000000000000000000000000000000000000
00000000000000000000000000005000000000000000000000
000C00000030000000000000000000000H0000000000000000
00000000200040000000300000000000000000000000000002
00000000000000000000000000000000000100000100000000
00000000000000010000000000000000000000000000000000
00000000000000000000000000000000000000000000000000
00000020020000000000000000000000000000000000000000
00000000000400004000000000000000000000000000000000
20002020000000000000000000000000000000000000000000
00000000000000000010000000000000030000000000000000
02000000000020022003000000000000000000000000000000
30010000000000000000000000000000000000000020000000
00000000000000000000000200000000000000000000000004
000000000000000000000000000003000000000A0000000000
000000E0000000000000000000000000000400000000000000
400000000000000000040000000000060G0000000000000002
00000000000000000000000000000000000000000000004000
00000000000000000000000000000000200000000000200000
00000000000000000000000040000000000000000000000000
00000000000000000000000000000000000004000000000000
00000000000000000000000000000000000000B0000030040I
00000000200G00000000000000000000004000000002000400
00000000000000000000000000000000003000000000000000
00000000000000000400000000100000000000000000000004
000400000000300000000000E0000001000000000000000010
00000000000000000100000000000000000000000000100000
000000000000000000400C0000000000H03000000000000000
00000000000000000000000000000500004000010000000000
00000000000000000000000000020000000000000000000000
0060000000000000000000000000000G000100600000400000
00000000310000000000000000000000000040000030000000
00000000000000000000000000000000000040F00000000010
00000B00000000000000000000000000000000000000000400
77668808397275646785982219044560334004004618780134
