00000000400000000000000000110000000402040001214011
00400000000000000000000010100000030000504231011100
00200002000000000000011001000000000000400141031111
000003000440000000A0012070090000000001001101000400
00303000000010000000101110101000000000010020012000
00000000000000000000000400002000000000000000241100
00000000000000000000100000020000000000000041021010
0000000000D000000001200000000000000000000201110122
00000000000000300000000000000000000000000011201100
00000000000000000000020000000000000001000400100400
00003000000000001000100000000100000000000011411101
00000000000000000050004000000300000000000110401103
000000000010000A0000300020000000000000000002000130
00000000000000000000100000000000000000000105010301
00000000002000000000002000000000010000020000000014
00000000001000000000000000000000107000000003200000
24000300031000000000002000000000000000300004000000
00000000000000000000000000000000002000000000A00001
00000004004000000020000000000000000200000000000030
0000300000000000000000000A000000000000010000000000
00000000000000020000000000000034000000520000001001
00400000200000000000000000000000000001100100000101
00000000000000000000000000000000000000000000001002
000000000000000000000000000000A0000001000000001110
00000220000000000000000030000000000000000110010000
00000003000400000000000001000000000000000024001002
00000000000000000000000000000000000000000000000100
000000000000000000A0100000000000000A00000000100004
00001000000000000000000000000000A00000200003000000
00000000000003000000000400000000000000000000000000
00000000000001000000000000000000000000000400000000
00000000000002000000000000000000020000000030000000
00000000200000000000000000000000000000000000000000
00000000001000000300000000400000003040000000000000
000000500000000000210000000000010000000000000A0000
00000000000000000000000000000000000000000000000004
30030330002000030000000000000000000030000000000000
00000006000000000000004000000000000000000000000000
00010004000003000000000200000000000000000000000400
01000000030400000000000000000000000000000000002600
00000020000000000040000000000000000000000000024000
00100000003000200000000000000000000000040000000200
00000000000000000000000002000000000000000000000000
00003000000000000000000000040000000000001000000000
00003000003000000000000000000000000000000070100008
00000000000000000000000100000000000000000040001000
40400000000000000000000000000002030000004014020000
00000000300000000000000000000000000001000000030000
00000000000020000000000000000000000101408144000000
02415500080100114110101400000101320030140010000000
