00000000000000000000000000000000000400000010000000
00000000030000000000000000000000000000000000040000
00000000000000000000000000020000000010220000000001
00000000000000000000020000000000040000000000000004
00000000000000000000003000000000003000000300000000
00000000000000000000000200001000000020000000000000
00000000000000000000003000100000000000000000000000
00000000000000040000100000000020000001000000002000
00000000000000000000000030021000010000100000000000
00000000000000000000030000000002000000400000004000
00000000000000000000000000000000000060000000000030
000000000000000B0000000000300000000000000000000040
00000000000000000000000000003000000300000000004002
00000000000000000000000104000002005430000000000200
00000000000000000000000000001400012000000000200001
00000000000000000000000000020080000400000020000000
04000000000000000000000000000003000002402000003000
00000000000000000003003000000003000040000004000300
00000030000000000020000000100000000000000000401000
00000000000000000000000002000000030000000303024000
00000000000000000000000000000300000003020300100004
00000000000000000000000000000000002000002040000223
00000000000000000000000000000000040003000000200001
00000000000000000000000000000000003030000400000020
A000000000000000000A000000030000000000000000100030
00000000000000000000010003000004040000072000041000
000C0000000000000000000000040000050000000340000000
00020000020000000020000000100000000000030000210000
00000000000000100000000000000000000000000000000032
00000000000000000000000000000000001000010000000000
00000000000000000000000002000000003000000030000000
04001000000000000000301000000000000000400030000000
03000040000030300000000000000000050000322030030000
20000001010040000000000040003020302004000030004030
00000000400000000000600000000000000000010010000003
00100000002000001000100000404000000000100000020000
00000000020000000020000002000000000000000000001000
000000020002000000000000000031000000000E0000000000
00008010000000000000200000000400000000000000000000
00000001000000300000000000000320000000000000004021
04010003030000030003000000000001000000000000000000
00000000000000030000000300000100000000000000004000
00000003000000000000000100000000000000000000000001
00020000003000000400000000000000000000000000000001
00000000000000001001000000000000000000000000001008
00001000000000030000000B000000000000000000000A0000
20000000004002000400000000000000000000000003000000
0000030003000000000B000000000000000000000000000000
00000400020000000000000000000000000000000000000000
05625500086104114410101007000501330100340010000100
