04200300000000E00000000000000000000000100400000000
00000030000000000000000000000000000000000000000000
00000000000000000000000000000000000000000000000000
00000FA0000000000000G0000001001000000000000F000000
00000000000000000000000000000000000000000000000000
00000000000000000000000000000000003000000000000000
00000000000000000000000000000000000000000000300000
0000000000000000C00000000000000000000000000I0000C0
00000200000000000000000000000000000000000000000000
000000000000000000000000400000000000000000000I0000
0000000000000000I000000000000000000004000000000000
000000000000C0000000000000000000000000000000000000
0000000000000000000000000000000B000000100000000000
00000000000000000000000000000000000000000000000000
000000000000000000000000F0000000000000000000000000
00000000400000000000000000000000000000000000000000
00000000H00000000000000000000000000000000000001000
00000000000000000000000000000000000000000000000000
00000002000000000020000000000000000000000000000000
00000000000000000001000000000000500000000000000000
00000000000000000000000000000000000000000000000000
00000004000000000000000300000000000400000000000000
000000000000000000000000000E0000004000000000000000
00000000020000000000000000000300003000000002000000
00000000000000200000000000000000000000004000000000
00000000000000000000000000I00030000000000000000000
00000000000000000000000000000000000000000000000000
00000000000000000040000000000000000000000000000000
00000000000004000000000000000000000000000000000000
00000000000000000000004000000000000000000000000000
00004000000000040000000000000000000000000000000004
00000100000000000000000000000000000000000000000030
00000000000000000000002200000000000000000000000300
00000020000000000000000000000000340000000003000000
00000000000000000000000000000000000000000000000107
00000000000010000I00000000000000000040000300000000
00000000000000000000000000000020000000000000000020
00000001000000000000000000000400002000000000000000
00000040000000000000000000000000000000000004000000
00000000004000000000000000002000000000000000000000
00000000000000000000000000000000000000000000000000
0000000000000000H000000000002000000000000000000020
00000000000000000000004000000000000200000020000000
40000000000000000024000000000000000000000000000000
00000000000000200000010001000000004000000000000000
00000000005000000000000000000000003000000000000000
000000000030000000000000000000000000000000000F0000
0000000000000000000200000000003000000000000000000L
000000000000000004000000000000000000000000000H0000
97788839599475986888996399584667437304609918882436
