00440000000000000000000000000000000000000000000000
70000000000000400000000000000000000000000000000000
03000000000000000000000000000000000000000000000000
04300000000000000000000000000000000004000000000000
04000000000000000000000000000D00000000000000000020
10000000000000010C02000000000000000000000000030000
03000000000000000000000000000000000000000000000000
02000000000000000000000000000000004000000000000000
00000000000000000000000000000000000000000C000000E0
00000000000000000000000000000200000000000000000000
00000000000000006000000000000000000300000000000000
00000000000000000000000000000000000000000000000000
00000000000000000000000000040000000000000000000000
00000000030000000000000000000000000000000000040000
00000000000000000040000000000000000000000000000000
00C00000000000000000000000000000000000000000000000
000000H0000000000000000000005000H00000000000000000
00000000003000000000000000000000000000000000000000
00000000200040000000300000000000000000000000000002
0000000000000000000000000000000000010D000100000000
00000000000000010000000000000000000000000000000000
00000000000000000000000000000000000000000000000000
00000020020000000000000000000000000000000000000000
00000000000400004000000000000000000000000000000000
20002000000000000000000000000000000000000000000000
00000000000000000010000000000000000000000000000000
02000000000020022000000000000000000000000000000000
30010000000000000000000000000000000000000000000000
00000000000000000000000200000000000000000000000004
0000000000000000000000000000030000000000A000000000
00000000000000000000000000000000000400000000000000
40000000000000000004000000000006000000000000000002
000E0000000000000000000000000000000000000000004000
000000000000000000000000000000000G0000000000000000
00000000000000000000000040000000000000000000000000
00000000000000000000000000000000000000B00000000000
00000000000000000000000000000000000000000000300400
00000000200000000000000000000000004000000002000400
0000000000000G00000000000000000000300000000000000I
00000000000000000400000000100000000000000000000004
00040000000030000000000000000001000000000000000010
0000000000000000010000E000000000000000000000100000
00000000000000000040000000000000403000000000000000
00000000000000000000C00000000500H04000010000000000
00000000000000000000000000020000000000000000000000
00600000000000000000000000000001000100600000400000
0000000031000000000000000000000G000040000030000000
000000000000000000000000000000000000400F0000000010
00000B00000000000000000000000000000000000000000400
77668808397275646785982219044560334004004618780134
