00000000050400000000000000000000000000000000000000
00000000H10000000000004000000000000000000000000000
10001000000000000000000000000000000000000000000000
000000000000000000000000030000H0001000000000000000
C0000000000H00000000000000000000000000000000000000
00000000000000000000000000200000000000000000000100
00000030000000000000000000000000000000000000000000
00000000000000000000000000000000000000000000000000
00000000000000000000000000000000000000000000000000
0000000J000000000000000000400000000000000000000000
0000000000000000000000000000A000000000000000000000
00000000000004000000000000000000000000F00000000200
00000000000000000000000200000000000000000000000000
00000F00000000000000000040000000000000000000000000
00000000000000000000000000040000000000000000000000
00000000000000000000000000040000000000000000000000
00000000000000000000000000000000000000000000F00000
000000000000000000100000040000000000000000E0000000
00000000000000000000000030002000000000000000000000
00030000000000000000000400000000000000000000000000
00000000000100300000000000000000000000000000000000
00000000000000010000002000000200000000000000000000
0000000000000E0000000000000000000000000000000H0003
00000400000000000000000000000000000000000000000000
000000000000000000000B000000040000000000000000G000
00000000040000000000000000000000000000000300000000
00000000000000000000000000000000000000000000000000
00000000000000003000000000000000000300000000000H00
0000000000000000000C000000000000000000000000000000
00000000000000000010000000000000000000000000000000
00000000000000000000000000000000000000000000000000
00000000000000000000000000000000000000000H00000000
0000000000000000000000E000000000000000000000000000
00000000000000000000000000000200000000000000000000
00000000000000020000000000000000000000000000000000
00000000000000000000000000000000000000000000000000
00000000001000000000000000000000000000000000000000
00000030000000000000000000000000000000000000000000
00000000000003000000000000000000000003000000000000
00000000000000000000000004000000000000000000040000
00000000000000000000000000000000000000000000000000
00004000000000000000000000200000000000000000000000
00000000000000000000004000000000000000000000000000
00000000000000000000000000000000000000000000000000
00320000000000000000000000000002002000000000000000
0000000H000000000000000020J00004000000001000040000
0000000000G000000000000000000000000000000000000000
00000000000000000000000000000000000000000000000031
00000000002000000000000000000000000000000000000000
97788839597475986888992299584567437304609918882436
