00000400000000000000000000000000000000000000000030
00000000000000000000000000000000000000000000000000
00000000000000000000000000000000000000010000000000
0000A000000000000000000000000000000000000000000000
00040000000000000000000000000000000000000000000000
00000000000000000000000400000000000000000000000000
00000000200000000000000000000000000000000000000000
00000000000000000000000000000000400000030000000000
00000000000000000000000300000003000000000000002000
00000000000400000300001001000000002000000000000000
00000000000000000000000000000000000000000000000000
00000000000020000000000000000000000000020000000030
00000000000000000000000000000000000000000000000000
00000000002000003030000000000000000000000000000001
00000000000000000000000000000000000000000030000000
00000000000000000000000000000000000000000000000000
00000000000000000000000000000000000000000000000000
00000000300000000000000000000000000000000000000000
400000100000000000000000100100000000000000000E0000
00000000000000000000000000000000000000000000000000
00000000000000000000000000000000000000000000000000
00000000000000000000000000000000000000000000000000
00000000000000000000000000000000000000000000000000
00000000300000000000000000000000000000000000000000
00001000000000000000000000000000000000000000000000
00000000000000000000000000000020000000000000000000
00000000000000000000000000000000201000000000000000
00000002000200000000000000000000000000000000000004
00000000040000000000000000000000000000000000000000
00000000000000000000000000000000000000000000000000
00000000000000000000000000000000000000000000000000
00000000000300000000000000000000000000000000000000
03000000000000000000000000040000000000000000000000
00000000000030000040000000001000000000000000000000
00000000000000000000002000000000000020000000000000
00040000000000000000000000004000000000000000000000
00000000000000010000000000003000200000000000000000
03002000000000000000000000000000000000000004000000
00000000000000000000000000100000000000000000000100
00000000000000000000000000000000000000000000000000
00000100000000000000000000000000000000000000000000
00000000000000000000000000000000000000000000000000
00100000000000000000000000002000000000000000000000
00000000000001000000000000000000040000700000000001
00000000000000000000001000000000000000000000000002
00000000000000040000000000000000000000000000000000
00000000000000000000000000000000000000000000000000
00000000000000000030000002000000000000000000000200
00000000000000000000000000000000000000000000000000
77668804087134516710172007040520004000000214770100
