10040000020000002000000002000000040010004001200000
00002000000000020044500000000000000304100000000100
03000000000300043003020000000000000000020000000000
00000000010000020220020001300000000034000020000000
00000000000010000010000000030001004000000000000400
00030000002000400000000001000000000000023000004030
00040200000000000000000A00000000000000000002000300
30000000000000000000000000000000500003030000300020
00000000000040000000000000000000000000010440403000
60000000000000000002000000000000000000010000000400
31000203200000000000000001000000004300000000000410
00000000010000000000002000000000000000000200000000
00000000000000000000000100000000400000000000000000
0000000000000000000B000000000100001000000000000008
00007000000000000000000400000300000000200000000001
02000302000000000000000000000000000000000000000004
00100000000000040000000004000000000000020000000100
00000002000000200000040000000000000000000000053000
00000030002000400000000200330000000000400000020000
00033000000000010000020001000010000000040010010000
00400000000001000000000502000000070100000001000040
00410000000000000000000000000110300000000000010024
01000000000000000000000400000000000100000000007000
20004000003000000000000000000000000000000000000000
00000000000000002000020000000200000000040000000000
00400000000000400000000404003000002000000000000000
000000000000302003000030000000030000B0003300430000
00002000000040000006000000000200004001030000000000
07300000000400200000000000000050000040000000000000
00013034002001001000020001000000000000000040000230
10000000000400000000040000000000000500002001000000
00210704000000000000000000020000030000001310000000
000000400002030000000000000006000000040000000C0000
20000000000004004200030030010400000000040000000300
00000000000000000000104000000020020013000000000000
000314000200000300000000A0000203000000000000000000
03002000001005000000000300000000004000000000000400
03000010000000034033000004000000001000000000000002
00030100430000040004400000000002300000000000000003
02400000100001002000000000000000000000000000000400
21000007000031200000000020000000000000000000001230
13010044000030000000000000000000000000000000000000
00104002030004000000000000000022000000000000000040
40000330300200000000000A000000000000000A0000000000
00002003003401301100100000001000010000000000000000
04000210440200320000000000000000300000000000000484
00000100002104000000020000000020000000000000000313
00200000000210000400000004010000001000000000002000
04002434000021000400000000020000000000000040000000
77668807397265626785972217044560314000004618770104
