00900000000000000000000000000000000000002000000000
04030000000000000000000000000004000000300000000040
000000000003020000000000000F0001000000000000000000
00000000200000001000000000000000000000000000000030
0000000200030000000000000000000000000000000000000E
00000000000000000000000000100000000000000000000000
000000000000300E0000000000000000000000000000000000
00200000000000000000000000000000000000000000000000
01000000070030000000000000000000000000E00000000000
000000000020000F0000000000000000000000000000000000
00000010400204000000000000000000000000000000000000
00000000000000002000000000000000000000300000000000
30004340000040100000000000000000000000000000000000
00040500000000020000000000000000000000000000000000
04000200004040004000000020000000000000020000000000
00000000000044000000400000000000000000000000000400
30002430300100000100300000000000000000000000000000
00000000000040000000000000C40000000000000000000020
00000300002001000000004000000000000000000000000000
0050000000230000000CC00000000000000000000000000000
04000100000000000000000000000000000000000000000000
00000000000000000000004000000000000000000000000000
00000000000000000000000010200000000020000000000000
00000000000000002440000000C00000000000000000000000
00000100000000000030000000000000000F00000000000000
00000000000000000000000000000000000000000000000000
04020000000000000010000000000000000000000000000000
00030000002000000000000000000F00000000000000001000
00000000000000000000000004000000000000000000000000
70000020000000040000004000000000000000000000000000
00002000000020000000000000000000000000000000000000
0000000030000000000000000000000020000000000D000000
0000000000000020200002000000000000000E000G00000000
00000000000000000000000000000000000000000000000000
00000004000000000022000002000000000000000000000000
0000000003040000000000000001000001A000000000000000
00040000000000040030000000000000000000000000000000
00000000000000000100000000000000000000000000000000
00000000000000030000000000000000000000000000000000
60020000000000000000000400000400000000300000000000
00010000000000000000000000000000000000000000000000
50002000000000000000000000000000000000000000000000
40000003000004000000000000000000000000000000000000
04000020000000030000000000000004000000000000000000
00020004000000000000000000000200000000000000000000
00310000700000000000001000000000000000000000000000
40000070200000000000000000400000000000000000000000
04400000402000000000000000000000000000000H00000000
30000002000000000000000000000000000000000000000000
97768838397475946788982259344564434004009918882136
