0000000000B000000000000000000000000000000000000030
00000000000000000000000000000000000000000A00000000
00000000000000000000000000000000000000000000000000
00000000000000000000000000000000000000000000000000
00040A00000000000000000000000000000000000000000000
00000000000000000000000000000000000000000000000000
00000000000000000000000000000000000000000000000000
00000000000000000000000000000000400000030000000000
00000000000000000000000300000003000000000000002000
00000000000400000000001000000000000000000000000000
00000000000000000000000000000000000000000000000000
00000000000000000000000000000000000000020000000000
00000000000000000000000000000000000000000000000000
00000000002000003030000000000000000000000000000000
00000000000000000000000000000000000000000000000000
0000000000000000000000000000000000000000000E000000
00000000000000000000000000000000000000000000000000
00000000000000000000000000000000000000000000000000
00000000000000000000000010000000000000000000000000
00000000000000000000000000000000000000000000000000
00000000000000000000000000000000000000000000000000
00000000000000000000000000000000000000000000000000
00000000000000000000000000000000000000000000000000
00000000000000000000000000000000000000000000000000
00001000000000000000000000000000000000000000000000
00000000000000000000000000000020000000000000000000
00000000000000000000000000000000001000000000000000
00000002000200000000000000000000000000000000000004
00000000000000000000000000000000000000000000000000
00000000000000000000000000000000000000000000000000
00000000000000000000000000000000000000000000000000
00000000000000000000000000000000000000000000000000
00000000000000000000000000000000000000000000000000
00000000000030000000000000001000000000000000000000
000000000A0000000000000000000000000020000000000000
00040000000000000000000000004000000000000000000000
00000000000000000000000000000000000000000000000000
00000000000000000000000000000000000000000004000000
00000000000000000000B00000000000000000000000000000
00000000000000000000000000000000000000000000000000
00000100000000000000000000000000000000000000000000
00000000000000000000000000000000000000000000000000
00000000000000000000000000002000000000000000000000
00000000000000000000000000000000040000000000000000
00000000000000000000000000000000000000000000000002
00000000000000040000000000000000000000000000000000
00000000000000000000000000000000000000000000000000
00000000000000000030000002000000000000000000000000
00000000000000000000000000000000000000000000000000
77668804087134516710172007040520004000000214770100
