0420030000E0000000000000000000000000000004000F0000
00000030000000000000000000000000000000000000000000
00000000000000000000000000000000000000000000000000
00000002000000000000000000010010000000000000000000
00000000000000000000000000000000000000000000000000
00000000000000000000000000000000003000000000000000
000F00A00000000000011000000000000000000000003000C0
0000000000000C000000000000000000000000000000000000
00D0020D00000000000G0000000000000000000I0000000000
00000000000000000000000040000000000000000000000000
00000000000000000000000000000000000000000000000000
00000000000000000000000000000000000000000000000000
0000000000000I002000000000000000000000100000000000
0000E0000000000000000000F000B000000000000000000000
000000000000000000000000000000000000000000000000I0
00000000400000000000000000000000000000000000000000
0000000000C000000000000000000000000000000000001000
00000000000H00000000000000000000000000000000000000
000000020000000000200000I0000000000000000000000000
00000000000000000001000000000000000000000000000000
00000000000000000000000000E00000000000000000000000
00000004000000000000000300000000000400000000000000
00000000000000000000000000000000004000000000000000
00000000020000000000000000000000003000000002000000
00000000000000200000000000000000000000000000000000
00000000000000000000000000000030000000000000000000
00000000000000000000000000000000000000000000000000
00000000000000000040000000000000000000000000000000
00000000000004000000000000000000000000000000000000
00000000000000000000004000000000000000000000000000
00004000000000000000000000000000000000000000000004
00000100000000000000000000000000000000000000000030
00000000000000000000000000000000000000000000000300
00000020000000000000000000000000340000000003000000
00000000000000000000000000000000000000000000000107
000000000000100000000I0000000000000040000300000000
00000000000000000000000000000020000000000000000020
00000001000000000000000000000000002000000000000000
00000040000000H00000000000000000C00000000004000000
00000000004000000000000000002000000000000000000000
00000000000000000000000000000000000000000000000000
00000000000000000000000000002000000000000000000000
00000000000000000000004000000000000200000020000000
40000000000000000024000000000000000000000000000000
00000000000000200000010001000000004000000000000000
0000000000500000000000000000000000300000000000000F
000000000030000000000000000000000000000000000000L0
00000000000000000002000000000030000000000000000H00
00000000000000000400000000000000000000000000000000
97788839599475986888996399584667437304609918882436
