03000000200000001000000000000000000400000010000000
0000CA00004000000000000000000000000000000000040000
0000A000000000000000000000020000000010220000000001
0000000000AA00000000020000000000000000000000000000
00000000000A00400000003000000000003000000000000000
00010000000000000000000000000000000020000000000000
00000000000000000000003000000000000000000000000000
00000000000B00A00000100000000020000001000000000000
000003000000BB000000400030001000000000100000000000
00010000000430000000030000000002000000400000004000
00000000000030000000000000000000000030000000000030
00000000000000003000000000300000000000000000000040
00000000000000000000000000003000000300000000000002
00000000000000020000000104000000005400000000000200
0A0C0000000000000000000000001000002000000000200001
0A0B0200000000000000000000020080000000000020000000
00000000200000000000000000000003000002402000000000
00000000000000003000003000000000000040000000000300
00000000000000000000000000100000000000000000401000
00000040230000000000000002000000030000000303024000
0000000000B000000000000000000300000000020300100004
000000000B0A00000000000000000000001000002040000223
000000000A0000000000000000000000040003000000200001
00003000000000000000000000000000000030000000000020
00000000000000000000000000000000000000000000100030
00001004040000000000000000000004000000042000001000
00000000000000000000000000040000050000000340000000
00000000000000000420000000000000000000030000200000
10000000000080100000000000000000000000000000000002
00600000000200000000000000000000001000000000000000
00000000000000000000000002000000003000000000000000
00001000000000000000000000000000000000400030000000
03000040000000300000000000000000030000322030000000
20000001010000000000000000003000302000000000004030
00000000400000000000600000000000000000010010000003
00000000002000000000000000402000000000100000020000
00000000020000000000000000000000000000000000000000
00000002000200000000000000000000000000000000000000
00004000000000000000000000000400000000000000000000
00000001000000300000000000000320002000000000004021
00000000000000000003000000000000000000200000000000
00000000000000030000000300000000000000000000044000
00000003000000000000000100000000000000000000000001
00000000003000000000000000000000000000003000000001
00000000000000001001000400000000030000000000001008
00001000000000000000020000000000000000000000000000
200000000040000000000000000000000A0000000003000000
0000030000000000000300000004000040AB30000000000000
00000000020000000000020000000000300000000000000000
05625500086104114410101807000501330100340010000100
