00040000000000000000004000200000000000000000000000
00000000002000300000000000000000000000000000000100
00000000000040000000000000000000000001300000200000
00000000000000000000000000000000000000000000000000
00000000000000000000000000000000000000000020000000
000000000000000F0000000000000000000000000000000000
00000000040000000000000000000000000000000000000000
00000000000003000000000200000000000000000000000000
00000030000000000000000000000000001000000000040000
00000000000000004000000100000000000000000000000000
00031000000000000000000000000000000000000000000000
00000003200000000000000000000000000000002000000000
00000000000304040000000000000000000000000000000000
00000000200000000000000000000002000000001000000000
03000400000000000000000000000000000000000000030000
00000000300000000000000000002000000000000000000040
00010000000000000000000000000000000004000000000000
00000000000000300000000000000000000000000000000000
00000000000000000000000000000000000000000000000020
40000200000000000000000000000000000000000000000000
00000000000000000000030000000000000002000000000030
0000000000008000010000001000000000000000F000000000
00000000000000000000000000000000000000000000000000
0000000030000000000000000000000300401000000004E000
00000000000000000000000000000000020000000400000000
00000003000000000003000000000003000000000000004000
00000000000000000000000000000400000000000000000000
0000F030000000000000000000000000000000000000000000
00000000000000000000000000000000100001000003000000
30000020000000000000000000000000000000000000000000
00000000000000000000000000000000003000000000000000
0000000000F000000000000000000000000000000000000000
00000000040000000000020000200000000000000000001000
00000020000000000000000000000000000000007000000010
00000000000000000000000000000000000000000000000000
00004000000000000000000300000000100000000000000000
00000000000000000000000010000000000000000000000000
00001040000000000000000300010000000000000400000000
00000000000000000000000000000000013000000000000000
00000000000000000400000000000000000000000000000004
00000000300000000000000100300001000000020000000000
00000000000300000000000000000000000000000000000000
10000000000000000000000000000000000000000000000000
00000000000000000100000000000000000000000000000000
00000000000004000010000000000000300000000000000000
00000000000004400000000000000000000000000000400000
00010000000000000000000000000000000000000004040000
00000000000000000000000000000000000000000000000000
00000000000010000000000000000000000000000000000000
77668807397275626785972219044560314004004618780134
