00000000400000000004010100110000000402041001214011
00400000200000000000000010100000070000514231011100
00203002000000000000411001000000000000400141431111
00000300044000000000012070090010000001001101000400
00303000001010000000101110201000000000010020012000
00000000000000000300000404002000000000000000241100
00000000000000000000100000020300000010000041021030
30000000000000000001200000000000000000000201110122
00300000000000AA0000000000100000010000000011201100
00000000000000000000020000000000000001000400110400
000030040000040000001000000011000000000000114A1103
0000000030000000005000400000030000000000011040A103
00000000001000000000300020000000000000000000000030
00000000100000000000100000000000000000000100000001
00000000006000000000002000000000010000020000000014
00000000001000000000000003000000107000000000200000
24000330031000000000002000000030000000300003000000
00000400000000000000000020000000002000000000000001
00000004004000000040000000000000000200000002000030
00303000000000000000000000000000000000010000700000
00000000420001020000400000000034000000520000001001
00400000240000000000000000000000000001100100000403
00000001000000000000000000000000000000000000001002
00000000000000000000000000000000000001000000001110
00000220000000000000000030000000000000000130010000
000200030004000003000000010000000000000000240010A0
000000000100002000000000000100000000000000000001A0
00000000030000000000000000000000000000000000100000
00004000000000000000004000000000000000200003000000
003003200000030000000004000000A0000000000000000000
000000000000010000000000000000A0000000000400300000
00000000000002000000000000050000020000000230000000
01000200200000000000000000000000000000000000000000
00000000001000000000000000400000003040030000000000
00000050000200100000000000000001000000200000000000
000000000000000000A0000000000030000000000000000004
30030430312000030A00000000100000000030000000000040
00000006000000000000004000040000000200400000000000
00010004000003000000000200400001000000000000000400
03000000060400000000000000000030000000000000002600
00000020000000000040000000000000000010000000024000
01100000005000200000000000000000000000080000000200
00000000000000000100000002000000000000000040000001
00003000000000000000000100040000000040001000000010
00003000003000040004000000000000000000000072100008
00400000003000020000000100000000000000000040001000
50400000000020000000000000000002033000004014020000
00000000300000000000000000000000000001000020330000
00000000000020000000000000000000000101408144000000
02615500080100114110101407004101320030140010000000
