00000000050000000000000000000000000000000000000000
000000000000000000000040000000000000F0000100000000
00001000000000000000000000000000000000000000000000
000000000000C000H0000000030000010010H0000000000000
00000000000000000000000000000000000000000000000000
000000000000000E0000000000200000000000000000000100
00000000000000000000000000000000000000000000100000
0200000000000000H000000000000000000000000000000000
00000000000000000000000000000000000000000000000000
00000000000000000000000000400000000000000000000000
0F0JG000000000000000000000000100000000000000000000
000GF000000004000030000000040000000000000000000200
00000000000000000000000200000000000000000400000000
00C00000000000000000003040000000000K00000000000000
00000000000000000000000000040000000000000000000000
00000000000000000000000000040000000E00000000000000
0000000000000000000000000000000000000000000000I000
00010000010020000010000004000000000000000000000000
00000000000E00000000000030002000000000000000000000
0003000000F000000000000000000000000000000000000000
000000000000000000000000H000000000000000000030G0F0
0000000000000001000000B000000200000000000000000000
00000000000000000000000000000000000000000000000003
00000400000002000000000000000000000000000000000004
00000000000000000000000000000400000000000000000000
00000000040000200000000000000000030000000300000000
00000000000000000000E00000000000000000000000000000
00000000000000003000000000000000000300000000000000
00100000000000000000300000000000000000000000000000
0000000000000000000C000000000000000000000004000000
00000000000000000000000000000400000000000000000000
01000000000000000000000000000000000000000000000000
0000000000000000000E0000G0000000000000000000000000
00000000000000000000000000000200000000000000000000
00000000300000020000000000000000000000300000000000
00000000000000000000000000000000000000000000000000
00000000001000000000030000000000000000000000000000
00000030000000000000000000000000000000000000000000
00000000000003000000000000000000000003000000000000
00000000000000000000000004000000000000000000040000
00000000000000000000000JF00000000000000G0000000000
0000400000000000000000030000000000000D000000000000
00000000000000000000004000000000000000000000000000
00000000000000000000000000000000000000000000000000
00320000000000000000000000000002002000000000000000
002000000JD000000000000020000004000000001000040000
00000000000000000000000000000000000000000000000000
00000000000000000000000000000200000000000000000031
00000000002000000000000000000000000000000000000000
97788839597475986888992299584567437304609918882436
