00000000020000000000000000000000000010000001200000
00000000000000000000000000000000000300000000000000
0D000000000000000000020A00000000000000020000000000
00000000000000000200000000000000000000000000000000
00000000000000000000000000000000D00000000000000000
00000000000000000000000000000000000000020000000030
000000AA000000000000000000000000000000000000000000
00000000000000000000000000000000100000000000000000
00000000000000000000000000000000000000000000403000
20000000000001000000000000000000000000000000000400
00000000000000000000000001000000000000000000000000
000000000000000000A00000000000000000000000A0000000
00000000000000000000000000000100000000000000000000
00000000000000000000000000000000000000000000000000
00000000000000000000000000000000000000000000000000
00000000000000004000000000F00000000000000000000004
00000000000000000000000000000000000000020000000100
0000000000000000000000000000000000000000A000000000
00000000000000000000000000000000000000000000000000
00000000000000000000000000000000004000000000000000
00400000000000000000000000000000000000000000000000
000000000000000000000000000B0100000000000000010014
00000000000000000000000400000000000000020A00003000
00000000000000000000000000000000000000000000000000
000000000000000000000200000D0000000000000000000000
00000000000000000000000000000000000000000000000000
00000000000000000000003000000003000000000000000000
00000000000000000003000000000000000000000000000000
00300000000400000000000000000000000000000000000000
00000000000001000000000000000000000000000000000000
000000000000000000000B0000000000000000000001000000
00010000000000000000000000A00000000000000000001000
00000040000000000000000000000000000004000000000000
20000000000000A00000000000000400000000000000000000
00000000000000000000000C00000000020000000000000000
00031200000300004000000000000003000000000000000000
03000000001000000000000000000000000000000000000000
03000000000000000000000000000000000000000000000000
00000100430200040000000000000000000000000000000000
020000000000000000000000000000000000A0000400000000
210000070000300000000000000000000000000000000E0020
13000040000000000000000000000000000000000000000000
00100000010004000000000000000020000000000000000000
4000030030000000000A000000000000000000000000000000
00002000000001301000000000000000010000000000000000
04000000400200000000200001000000000000000000000104
00000100002104000000000000000020000000000003000000
00200000000200000400000000000000000000000000000000
04002404000020000400000000020000000000000000000000
77668807397265626743972117044560314000004218770104
