0000000005040000000000000000000H00000000000D000000
00000000010000000000004000000000000000000000000000
00C000000H0000000000000000000D00000000000000000000
00000000000000000000000003000000001000000000000000
00000000000H00000000000000000000000000000000000000
00000000000000000000000000200000000000000000000000
00000030000000000000000000000000000000000000000000
00000000000000000000000000000000000000000000000000
00000000000000000000000000000000000000000000000000
00000000000000000000000000400000000000F00000000000
00000000000000000000000000000000000000000000000000
000J0000000004000000000000000000000000000000000200
000000000000000000000002000A0000000000000000000000
00000F00000000000000000040000000000000000000000000
00000000000000000000000000040000000000000000000000
00000000000000000000000000040000000000000000000000
000000000000000000000000000000000000000E0000000F00
00000000000000000010000004000000000000000000000000
00000000000000000000000030002000000000000000000000
00030000000000000000000000000000000000000000000000
00000000000100000000000000000000000000000000000000
00000000000000010000002000000200000000000000000000
00000000000000000000000000000000000000000000000003
00000000000000000000000000000000000000000000000H0G
0000000000000E000000000000000400000000000000000000
00000000040000000000B00000000000000000000300000000
000000000000000000000000000000000000000000000000H0
00000000000000000000000000000000000000000000000000
00000000000000000000000000000000000000000000000000
00000000000000000010000000000000000000000000000000
00000000000000000000C0000000000000000000000H000000
00000000000000000000000000000000000000000000000000
00000000000000000000003000000000000000000000000000
00000000000000000000000000000200000000000000000000
00000000000000020000000000000000000000000000000000
000000000000000000000E0000000000000000000000000000
00000000001000000000000000000000000000000000000000
00000030000000000000000000000000000000000000000000
00000000000003000000000000000000000003000000000000
00000000000000000000000004000000000000000000000000
00000000000000000000000000000000000000000000000000
000040000000000000000000002D0000000000000000000000
00000000000000000000004000000000000000000000000000
00000000000000000000000000000000000000000000000000
00320000000000000000000000000000002000000000000000
000000H000000000000000002J000004000000001000040000
00000000000000000000000000000000000000000000000000
00000000000000000000000000000000000000000000000001
000000000G2000000000000000000000000000000000000000
97788839597475986888992299584567437304609918882436
