00000000000000000000000000000000000000000000000010
00200000000000000004000000000000000000000000000000
00000000200000000300000000000000000000000000000330
00000000000000000000000000000000000000000000000000
200000000000000000000000000H00000000000000A000E0C0
00000000000000000000000000000000000000000000000043
0000000000000000000000000000J000000000000000000000
00000000000000000000000000000000000000000000000000
00000000000000000000000000000000000000000000000200
00000000000000000000000000000002000000000000000000
0000000000000000000000000H000000000000000000000004
00000000000000000000000000000000000000300000000010
00000000000000000000000000000000000000000000003004
0000000200000000A000000000000000000000000000000020
0000000000000000000000000000000000C000000000003002
00400000000000000000000000000000000000000000400000
00000000000000F00000000000000000000000000000000004
00000000000000000400000000000000000000000000000000
00000000000000000000000000000000000000000000000000
04000000000004000000000000000000000000000000000000
00000000000000000000000000000000000000000000000000
00000000000000000000000000000000000000000000000000
0000000000000000000000000000200I000000000000000000
00000000000004000000000000000000000003000000000000
00000000000000000000002000000000000000000000000000
00000000000000000000000000000000330000000000000000
00000000000000000000000000000000000000400000004000
00000000200000000000000020000000000000000000000000
000000000000G0000000000000F00100000000000040040000
00000000000000000010000000000000000000000000000000
00000000000000000000000000000000000000000000000000
00000000000000000000030003000000000000000000040000
0000F0000000G0000000000000000000000000000000000000
00000000000000000000000000000000000000000000000001
00000000000000000000000000000000000000000000000000
E00003000000000400000000000000000G0000000000000000
00000000000000000000000000000020000000000000000000
00000000000000000000000000000000000004000000000000
00000000000000020000000340000000000000000004000000
00000000000010000010000000002000000000000000000000
00000000000000000000000000000000000000000000000000
00000000000000000004000000000000000300000000000000
0C000000000004000000000000000000000000000000000000
A4000000000000000000000000000000000000000000000000
0200000000000C000000000000000000000000000000000000
00000000005000440000000000000000000000000000000000
0000000200300000000E100000000000000000000000000000
00000000000000000000000000000000000000000000000000
00C00000000G00000000000000000000000000000000000020
99788839599475986888996399585677447304609918882436
