00900000000000200010000000000000000000002003000000
04030000000000000020002004004004103000320000031000
04000000000305000000000000000004003000001000000000
00004000303100001000000000100000000000000000000030
00000002000300000200000000000000000000040000000000
00000100000000000000000000103000000000000000000040
000000000000310000001000000400000000000000000E0000
002000000000000001000040000000000000000000000000H0
010000000700310000000000000000000000000000000J0000
030000012021000000000010000003000000000200100E0000
000000104002043000000003000001000B0000000000000300
00000000000000002000000030000000200000300000000000
3000434000004010010000000000000000J000000000000000
00040500000000020000010001001000000000C00400000000
07000200004240004000400000000000000B00022000034000
00000000000044000000000000000000000000000000000400
300024303001000000G040G004000000000000000000000000
0000000000004000000C000000000000000000000000000020
000003000020000000H0000000000000120000000000002000
00500000002300020000001000000000000000000000000000
04000100000000100000000040000000000000000000000100
00000000000002000000004030200000000000000000000000
00000000003000000020000010000000001000000000000000
00000000000300002440010000400000000000000000000000
0000010000200000003000000500000000G000000000004000
0000000030000000000000000000000000G000300000010000
04060000000000000010000000000003C00000040000000000
00030000002000100000E00000000000000000004000304000
30000000000000000000000I04020000000E00000100000000
70000050000000040004000B00004000000000000000000000
000020000000200000000C0000000000000000304000010000
00000000300200000000000000000000200010000000000000
01000000000000202000020000000020000003003000000110
00000000000000000000000000000000000000000000000000
02000004020000000322000002000000000000004000000000
00000000030400200000400000010000010000000000000000
00040000000000040030000010000010003000000000000000
40000400000000000100000000300020040000000000020000
00000000000000030000040000000000000000000000000004
60020000030000040000000400000400000002600000000400
00010000100000000000000000000000000000000000000020
50002000200000000000000000003000100000000000200000
40000003000004000000000000000000040000000000003001
04000020000001030000000000000004000003000000100000
00020004000000040000000000000202000000000002000002
00350000700000000200001000000000000040000000000000
40000070200000000000000000400000000000030000000000
04404001405600000000000000000300000000000000000102
30000002000000000000000000000000000040000000000000
97768838397475946788982259344564434004009918882136
