00040000000000000000000000200000000000000000000000
00000000000000000000000000000000000000000000000000
00000000000040003000000000000000000000000000000000
00000000000000000000000000000000000000000000000000
0000000000000F000001000000000000000000000000000000
00000000000000000000000000000000000000000000000000
00000000040000001000000000000000000000000000000000
00000000000003000000000200000000000000000000000000
00000000000000000000000000000000000000000000000000
00000000000000004000000000000000000000000000000000
000CC000000000000000000000000000000000000000000000
00000003000000000000000000000000000000002000000000
00000000000004040000000000000000000000000000000000
B0000000200000000000000000000000000000000000000000
0000000000000000000000000000000000F000000000030000
00000000000000000000000000000000000001000G00000040
00000000000000000000000000000000000000000000000000
00000000000000100000000000000000000000000000000000
00000000000000000000000000000000000000000000000020
00000000000000000000000000000000000000000000000000
000C0000000000000000030000000000000002000000000030
00000000000000000100000010000000000000000000000000
00000000000000000000000000000000000000000000000000
00000000000000000000000000000000004010000000040000
00000000000000000000000000000000020000000400000000
00000000000000000000000000000003000000000000004000
00000000000000000000000000000000000000000000000000
00030000000000000000000000000000000000000000000000
00000000000000000000000000000000100000000003000000
00000000000000000000000000000000000000000000000000
00000000000000000000000000000000000000000000002000
000000F0000000000000000000000000000000000000000010
00000000000000000000020000000000000000000000000000
00000000000000000000000000000000000000004000000000
00000000000000000000000000000000000000000000000000
00004000000000000000000300000000100000000000000000
0000000000F000000000000000000000000000000000000E00
00000000000000000000000000010000000000000400000000
00000000000000000000000000000000013000000000000000
00000000000000000000000000000000000000000000000004
00000000300000000000000000300001G00000020000000000
0000000000000000000000000000000000000000000F000000
10000000000000000000000000000000000000000000000000
000000000A0000000100000000000000000000000000000000
00000000000004000010000000000000300000000000000000
00000000000004400000000000000000000000000000000000
00000000000000000000000000000000000000000000040000
00000G00000000000000000000000000000000000000000000
00000000000000000000000000000000000000000000000000
77668807397265626785972219044560314004004618780134
