00000000000000000300000000000000000000000000000000
00000000000000000D0000000000000000000J000003000000
00000000G00000000000000000000000000000000000200000
00000030000000000000000000000000000000000000001000
00000000000000000000000000000000000000000000000000
0000000000000000000000F000000000000000000000000000
00000000000000000000000000000000000000000000000000
00000000000000000000003000000000000000000000000000
00000000000000000000000000000000000000000000000000
00000000000000000000000000000000000000000000G0E000
00000000000000000000000000000000000000000000000000
00000000000000000020000000000000000000000000000000
00000000000000000000000000000000000000000000000000
00000000000000000000000000000000000000000000000000
00000000000000000000000000000000000000000000000004
00000000000000000000000000000000000000000000000000
0000000000000000000000000003000000000000000H000000
0000000300000000000000000000000000000C000000D00000
00000000000000100000000000000000000000000000000000
00300000001000400000000400000000000000000000000000
00000000000000000000000000000000000200000000000000
00000000000000000000000000000000000000000000000000
000000000400000000000000000000000000000040000E0000
00000000000000040000000000000000000000000000000000
30000030000000000000000000000000000000000000000000
0000000000030000000J00000000000000I0000000000000N0
010100000L000000H0000000000010000E0010000000000000
00000000000000000003000000000000000000000000000000
00000000000000000000000000020000000000000000000000
00000000000000000000000000000000000000000000000000
00200002000000000000000000000000000000000000400000
000001000000000000000000E0000000300000000000000000
00000000000000000030000000000000000000000000000020
00000000000000000000000000000000000000000000000000
00000100000000000000000000000000000000000000000000
2010000000000000000G000000000000000F00000000010000
000000000000000000000000000000000000G0000000000000
30000001000000000000000000000000000030000000000000
00000000000000000000000000000000040000000004000000
00200000000000000000000000000000000000000000000300
00000000000000000000000500000003000000400000001003
02000000000000004000040440000000300000000030000000
00000000000000000000000000000002000000020000E00000
0000000000D000000000000000000000002000000000000000
00010000000000000400000000000000000400032000000100
03000300000000H00000400000000000000010000000000000
0003000000000000102000000000000H040102000400000000
00400440000000000000000000000000000000002003400000
20040000000000000010000000000000000000000010000040
99888879599679988888998399785697549395609948889636
