000A0000000000000000000000000000000000000000000030
00000000000000000000000000000000000000000A00000000
000000000000B0000000000000000000000000000000000000
00000000000000000000000000000000000000000A00000000
00020000000000000000000000000000000000000000000000
00000000000000000000000000000000000000000000000000
00000000000000000000000000000000000000000000C00000
00000000000000000000000000000000400000030000000000
00000000000000000000000300000D03000000000000002000
00000000000400000000000000000000000000000000000000
00000000000000000000000000000000000000000000000000
00000000000000000000000000000000000000020000000000
0000000000000000000000000000000000000000E000000000
00000000002000000000000000000000000000000000000000
00000000000000000000000000000000000000000000000000
00000000000000000000000000000000000000000000000000
000000000000000000000000000D0000000000000000000000
00000000000000000000000000000000000000000000000000
00A00000000000000000000000000000000000000000000000
00000000000000000000000000000000000000000000000000
00000000000000000000000000000000000000000000000000
00000000000000000000000000000000000000000000000000
00000000000000000000000000000000000000000000000000
00000000000000000000000000000000000000000000000000
00001000000000000000000000000000000000000000000000
00000000000000000000000000000020000000000000000000
00000000000000000000000000000000001000000000000000
000000000D0200000000000000000000000000000000000004
00000000000000000000000000000000000000000000000000
00000000000000000000000000000000000000000000000000
00000000000000000000000000000000000000000000000000
00000A00000000000000000000000000000000000000000000
00000000000000000000000000000000000000000000000000
00000000000030000000000000000000000000000000000000
00000000000000000000000B00000000000020000000000000
00040000000000000000000000004000000000000000000B00
00000000000000000000000000000000000000000000000000
00000000000000000000000000000000000000000004000000
00000000000000000000000000000000000000000000000000
00000000000000000000000000000000000000000000000000
00000000000000000000000000000000000000000000000000
00000000000000000000000000000000000000000000000000
00000000000000000000000000002000000000000000000000
00000000000000000000000000000000040000000000000000
00000000000000000000000000000000000000000000000002
00000000000000040000000000000000000000000000000000
00000000000000000000000000000000000000000000000000
00000000000000000030000000000000000000000000000000
0000000000000000000000000000000000000000000000D000
77668804087134516710172007040520004000000214770100
