00000000000000000000002000000000000000000000000000
00000000000000000000000000000000000000000000000000
00000000000000000004000000000000010000000000000000
00000000000000000040000000000000000000000000003000
00000000001000000000000000000000000000000000000000
00000000000000000000030000000000000000000000000000
0000L000400000000000040200000000000000000000000000
00000000000000000000000000000000000000000000000000
0000000000020000000000000000000H000000020000000010
04000000003000000300000000000000000000000000000000
00000000000000000000000000000000000200000030000000
000000000000000000000G0000000000000000040000000000
00000000000000000000000000200000000000000000000000
00000000000000000000000001000000000300000000000000
00000000000000000000000000000000000000000000000000
0000000000000000000A000000000000000000000000200000
00000000000000020000000000400000000000000000000000
00000004000000000000000000000000000000000000000000
O0000000H00004000000000000000000000000000000000000
00000000000000000001000000000000000000000000000000
00000000000000000300000000000020000000000030000001
00000000000000030000000000000000000000000000000300
00000000000000000000000000000002000000000000000000
00000000000000000000000000000000000000000001000000
00000000000000000000000000000000000000000000000000
00000010000000300000000000000000000000000000000001
00400000000000000000000000000000000000000000000000
00000000000000000000000000000000000000000000002000
00000001000002003000000000000000000000000000300000
00000000000000000020000010000000000003000000000000
00000000000000000000000000000000000000000000000000
02000000000000000000000000000030000000000000000000
4400000000000000400000000000002220000000H000000000
00000000000000000000000000000000000000000000000000
00000000000000000000000000001000000000000000000000
00000000000000300000000000000000000000000000000000
00000000000000000000000000000000000000030000000000
E0000000000000000000000000000000001004000000000000
00000000000000010000000000000000000000000000000000
00000000000000000000000003000000000040000000000000
00000000000000000000000200000100000000000000000000
00000000000000000000000000000000000001010300000000
00000000000000000000000000000000000000000000004000
0000000K000000000000000000000000000000000000000003
00000000000000000000000000000000000000000300000003
000000000K0000000000000000000000000000000000000000
0000000000000000I0000J0010000000000000000000000000
00000000000000000000000000000200000000000000000000
00000000000000000000000000000000000000000000000200
99988879599999999898998699788897549395609948899636
