00440000000000000000000000000000000000000000000000
70000000000000400000000000000000000000000000000000
030000000000000000000000000000G0000000000000000000
04300000000000000000000000000000000004000000000000
04000000000000000000000000000000000000000000000020
10000000000000010C02000000000000000000000000030000
0300000000000000000000000000000000000000000000000E
02000000000000000000000000000000004000000000000000
00000000000000000000000000000000000000000000000000
00000000000000000000000000000200000000000000000000
0000000000000000600000000000000000030000C000000000
00000000000000000000000000000000000000000000000000
00000000000000000000000000040000000000000000000000
00C00000030000000000000000000000000000000000040000
00000000000000000040000000000000000000000000000000
00000000000000000000000000000000000000000000000000
00000000000000000000000000005000000000000000000000
00000H00003000000000000000000000H00000000000000000
00000000200040000000300000000000000000000000000002
00000000000000000000000000000000000100A00100000000
00000000000000010000000000000000000000000000000000
00000000000000000000000000000000000000000000000000
00000020020000000000000000000000000000000000000000
00000000000400004000000000000000000000000000000000
20002000000000000000000000000000000000000000000000
00000000000000000000000000000000000000000000000000
02000000000020022000000000000000000000000000000000
30010000000000000000000000000000000000A00000000000
00000000000000000000000200000000000000000000000004
00000000000000000000000000000300000000000000000000
00000000000000000000000000000000000400000000000000
40000000000000000004000000000006000000000000000002
00E00000000000000000000000000000000000000000004000
00000000000000000000000000000000000000000000000000
00000000000000000000000040000000000000000000000000
000000000000000000000000000000000G0000000000000000
00000000000000000000000000000000000000000000300400
000000002000000000000000000000000040000B00020004I0
00000000000000G00000000000000000003000000000000000
00000000000000000400000000100000000000000000000004
00040000000030000000000000000001000000000000000010
00000000000000000100000000000000000000000000100000
000000000000000000400E0000000000403000000000000000
00000000000000000000000000000500004000010000000000
000000000000000000000C0000020000H00000000000000000
00600000000000D00000000000000001000100600000400000
00000000310000000000000000000000000040000030000000
00000B00000000000000000000000000G00040000000000010
000000000000000000000000000000000000000F0000000400
77668808397275646785982219044560334004004618780134
