00000000000000000300100000000000000000000000000000
00000000000000000000000000000000000000000003000000
000000000000000000000000000000000000000J0000200000
000000G0000000000000000000000000000000000000001000
00000000000000000000000000000000000000000002000000
00000000000000300000000F00000000000000000000000000
00000000000000000000000000000000000000000000000000
00000000000000000000003000000300000000000000000000
00000000000000000000000000000000000000000000000000
00000000000000000000000000000000000000000000000000
00000000000000000000000000000000000000000000000000
00000000000000000020030000000000000000000000G00000
00000000000000000000000000000000000000000000000000
00000000000000000000000000000000000000000000000000
00000000000000000000000000000000000000000000000004
00000000000000000000000000300000000000000000000000
00000000000000000000000000030000000000000000000000
00000003000000000000000000000000000000000000000000
00000000004000100000000000000000000C00000000000000
00300000001000400000000400000000000000000000H00000
00000000000000000000000000000000000200000000000000
0000000000000000000000000000000000000000000000E000
00000000040000000000000000000000000000004000000000
00000000000000040000000000000000000000000000000000
30000030000000000000000000000000000I00000000000000
0000000000L3000H00J000000000000000000000000000000D
01010000I00000000000000000001000000010000000000000
00000000000000000003000000000000000000000000000000
00000000000000000000000000020000000000000000000000
00000000000000000000000000000000D00000000000000004
00200002000000000000000000000000000000000000400000
00000100000000000000000000000000300000000000000000
0000000000000000003000E000000000000000000000000020
00000000000000000000000000000000000000000000000000
00000100000000000000000000000000000F00000000000000
20100000000000000000000000000000000100000000010000
00000000000000000000000000000000000000000000000000
300000010000000000000000000000000000G0000000000000
00000000000000000000G00000000000040000000004000000
00200000000000000000000000000000000000000000000300
00000000000000000000000500000003000000400000001003
02000000000000004000040440000000300000000030000000
00000000000000000000000000000002000000020000000000
00000003000000000000000000000000002000000000000000
00010000000000000400000000000000000400032000E00100
03000300000000000000400000000000000010000000000000
00030000000000H01020000000000000040102000400000000
0040044000000000000000000000000H000000002003400000
20040000000000000010000000000000000000000010000040
99888879599679988888998399785697549395609948889636
