20000000020001000000000000000000000010000001200000
00000000000000200000000200000000000300000000000000
20010000000200000000020300000000000000000000000000
21200010000000000200000004000000000000000000000000
00040000000004200000000000000040000000000000000000
01002000000100000000000000000500000000000000000000
2004001000004000000000000C000000000000000000000000
00000000000000040000020000000000000000000000000000
00000000002032300410000000000000000100001000403000
01000340200003400000100000000000000000000000000400
00000420000000000000000000000000000000000000000000
0010000007004010A000000000000000030000000000000000
01001003000010000000000000000000000000000000000000
00410000000010100000000000000000000000000000000000
02000000030000000000000000000000000006000000000000
00400000000E00000000000000000000000000030000000000
00002000000000000000000000000000000000000000000000
00040400F0000000B000000000000000000000000000000000
00000010000000000000000000000000000000000000000000
00000000000000000000020000000000000000000000000000
00000000000000000000000000000000000000000000000000
E2000000000100000000000000000000000000000000000000
00000000000000000000000000000000000000000000000000
00000000000000000000000000000000000000000000000000
00000000002000000000000003000000000000000000000000
00000000000000000000000002000000000000000000000000
00040000000000000000000000000000000000000000000000
000000000000000000000000000000000C0000000000000000
00000000000000000000000000000000000000000000000000
0043000000000000200000A000000000000000000000000000
000000A0000000000000000000000000000001000000000A00
00000000000000000000000000000000000000000000000000
000000000000000000000000000000000000000000E0000000
20000000000000000300000000000030000000000000000000
0000000000000000000000000000000000G0000000000000C0
00031000000000000000000000000000000000000000000000
01000000000000000000000000000000000000000000000000
03000000000000000000000000000000000000000000000084
00000100030000000000000000000000000000000000000234
020000000000000000300000000000B0000000000400000000
21000007000000000000000000000000002000007000000002
10000040000000103000000000000000000000A00000053000
0000000000000000000000000000000000000C000000240222
4000030030000500000000000000300000B0000C0013010203
00002000000001000000000000000000000000000000410305
04000000000200000000200000000E0000B000030000304000
0000000000210000000000000000000000000005B004006000
0020000000020000000000000000000000000E000000016300
04002404000020000000000000000000000000000001002330
77668807087265626743972117044560314000004218770104
