00000400000000000050100000000000004000000001000030
000000000000000000A0000000000000001000000000000030
20000000000000000000100000000000000000010000000001
40000000002000CGD000000000000000000000000400000000
37000000000000000000000004000000000000000004000000
000200000000010E0C00000400000001100000202000000000
00000000010000002000C00000040040000000000000000000
00000000000000000000007000001100400000031000003030
00000000000000000200000300000003000000020000002000
00000000000400000300001201000000002000000000000000
00000000200000000000000000000000000301006000000000
00000000000020000003000000001000000000020000400030
00000000000034400000000000000000000000000000000020
00000010032001003030000000000040040000000001000001
00200000000000000000000300030000000000100130000000
00000000000000004000000000001000000030000000000000
30000200000000000004000050000000000000000000030200
00000000300003000000000000000000003000000003000010
40000010002000000000000010010000000000000000003000
00000400000000000000000000000000000000004300403000
00000000032000000300000000000000000000001400000200
00000030000000000100000030000000000000000000000000
00000000000000203000000000304000100001000000000000
00000000300033000000000001000000000000000000010050
00401000400000000000404000000300000000003000000000
00300000000010000000000000000020400030010000000000
00000000000000001000000000010000201000000000000000
00000002000200000000000000000001000000000000000004
00404000040230000000000000000000000000000000000020
00003000000000030001000000033000000000000000400000
00000003030000000000004000000000001300000000000000
00008000000300000000000000000000000000000000000000
03000300000000000030000000040000000000000000000000
00000000000050200040000000001004100000000100000000
03100000000000000000002000300000000020000000001000
00040000000000000000000010024000000000000000000040
03000000000003010000000000003010200000000000000400
03002400000004020000000000000000000000000004300000
10000000000030000000000000104000000000001000000130
00000000000000000001000000000000000000030040000000
00000500000000000100000000000000000000007000000000
00000000000020000030001030000300000000000000000000
00110000100000000000000000402000200000400000000000
00000000004001000000003000000000440000702013000001
00002000000040000030001000000000000000003020000002
00000000000000040000140004030000000000000000304000
00000000000040000000000000000000000003000000002000
03000000000000020030000006000201000000002000010200
00000000000000000000000040000000001000020000000030
77668807087134516710572107040560014000000214770100
