00000000000000000000000000000000000000000000000032
03000000003000000400000000000000000000340000000004
40000022000000000000000000000000040000000000053000
00000000000000000240000000000000000000000000000000
00000000200000000000000000000000000000000000000000
00000000000000002000000000000000000000000000603000
00000000000000400000000000000000000000000000400000
00000000000000040000000000000000000000000000000000
00070000000000000000000000000000000000000001300000
00000020000000000001000000000000000000030003101000
00004003000000000000000000000020400100000000100000
10000000000000000400000000000010040003300050104030
00000000000000004000000000020000000000003004200030
10000000000000000000000000000000000000083000030010
000000000101000000010000A0000100000000000000000210
00100003000000000000000000000000000000000000030000
2020000000000000000000200000000001000000B000004000
00000000000000000000000000400000000000000000000000
00000000030000000000000000000000000000000000002000
00000000000010000000000000000000000000000000300000
00000000000000000000000000000000000010000000000000
00000000030000000000000000000000000000000002000000
00000040000000000000430000000000000000000000000003
0B001000000000000000000000000000000000000000000000
00000000020000000000000004040000000000000300000000
00000306001000000000000000000000400000000000000000
00A00300000100000008000010000000000000000000000000
30000000100000000000400004000000000400000000000000
01000030003000030300000000000000000000000000000000
00004010000000000040000000000000002000000000000000
00030000003000000000000000000000000000000000000000
00000300000000040000000000000000000000000000000000
000030000060000000100000000000000000100C0000000000
02000001000000000004000000000300000000000000000032
00000200010B00000000301000000000000000000000000000
00000100000004000100000000000000000000000000000000
00000000000000010000010000000000000100300000000300
00000000000020100000000200030000000000000040200200
02000000000000000400000000040000000000000000000000
02020040000000000000000000000000000000000000000000
00400000000400000001000000000004000040000000000000
0A000000000000000001000000000000000000000040000001
00000000000000000000000000000000000000000000000000
00000000040300000400000000000000000000000000000000
00000030000001000000000000000000000000000020000000
00000000000030200000000000000000000000000000000000
10000000000024010000000000000100000000100000000000
00000020040000000040000000000000000103020000000000
020303400003000000000000000000000000010140020000B1
77668804087134516710172007000500004000000214770100
