00000000400000000000000100110000000402040001214011
00400000000000000000000010100000030000504231011100
00203002000000000000411001000000000000400141031111
00000300044000000000012070090000000001001101000400
00303000000010000000101110101000000000010020012000
000000000000000003A0000400002000000000000000241100
00000000000000000000100000020300000010000041021010
00000000000000000001200000000000000000000201110122
0030000000000030A000000000100000000000000011201100
00000000000000000000020000000000000001000400100400
00003000000000000000100000001100000000000011411103
00000000000000000050004000000300000000000110401103
00000000001000000000300020000000000000000002000130
0000000000000000000010000000000000000000010501A301
00000000002000000000002000000000010000020000000014
00000000001000000000000000000000107000000000200000
24000330031000000000002000000000000000300003000000
00000400000000000000000020000000002000000000000001
00000004004000000020000000000000000200000000000030
00303000000000000000000000000000000000010000000000
00000000000000020000400000000034000000520000001001
00400000240000000000000000000000000001100100000401
00000000000000000000000000000000000000000000001002
00000000000000000000000000000000000001000000001110
00000220000000000000000030000000000000000110010000
00000003000400000300000001000000000000000024001002
000000000000002000000000000100A0000000000000000100
000000000300000000000000000000A0000000000000100004
00001000000000000000000000000000000000200003000000
00000000000003000000000400000000000000000000000000
0000000000000100000000000000000000000000040030A000
00000000000002000000000000050000020000000030000000
01000200200000000000000000000000000000000000000000
0000000000100000030A000000400000003040030000000000
00000050000200000021000000000001000000200000000000
00000000000000000000000000000000000000000000000004
30030330302000030000000000000000000030000000000000
00000006000000000000004000000000000000000000000000
00010004000003000000000200400001000000000000000400
01000000030400000000000000000000000000000000002600
00000020000000000040000000000000000000000000024000
00100000003000200000000000000000000000040000000200
00000000000000000100000002000000000000000040000000
00003000000000000000000000040000000000001000000010
00003000003000000004000000000000000000000072100008
00000000003000020000000100000000000000000040001000
50400000000020000000000000000002030000004014020000
00000000300000000000000000000000000001000000030000
00000000000020000000000000000000000101408144000000
02615500080100114110101403004101320030140010000000
