0000000000000F000000000000000000000000000000000000
00000000000000000000000000000000000000000000000000
G0E00000000010000000000000000000000000030000000000
00000000000000000001000000000000000000000000004000
00000000000000000000000000000000000000000000000000
00000000000000000000000000000000000001000000000000
00000B00000000000000000000000000000000000000000000
000E0004000000000000000000000000000000000100000000
00000000000400000000000000000000000000000001000000
00000000000000000000000000000000200000000000000000
00000000000000000000000000000000000000000000000000
00000000000000000000000000000000000000000000000000
00000000000404000000000000000000000000000000000000
00000000000000000000000000000000000000000F00000000
00000000000000000000000000000000000000000000000000
0000F000000000000000000000000000000000400000000001
00000000000000000000000000000000000001000000200000
00000000000000000000000000000000000000000000000000
00000000000002000000000000000000000000000000010000
00000000000000000000000000000000000000000300000000
00000000000000000000000000000004000000000100000000
0000000000000000C000000000000000000000000000000000
00000000000000000000400000000000000000000000000000
00000000000000000000000000000040000000000001000000
00000000000000000000000000000000000000040000000000
A0000000000002000000000000000000000000000000000000
00000000000000004000000000000000000000100000000000
00000000000000000000000000000300000000000000000000
00000000000010000000000000000000000000000000000000
00000000000000000000000000000000000000000000000000
00000000000000000000000010000000000000000000000000
0040000000F00000000000000004000300A000000000000000
00000000000000000000000000000000000000000000000100
00000000000000000000000000000030000000000000000000
00004000000000000000000000000010000000000000000000
00000000000000000000000000000000000000000000000000
00000000000000000000000000000000000000000000000000
B0100000000000000000000000000000000000000000000000
000000000000E0000000000000000000000000000000000004
60000000000000000000000000000000000000000000000404
00010000E00000000000000001000000000000000000000020
5000000000000000000402000000G000000000E00000001000
4000000000000400000000000I000000000000000000003401
04000020000001030040000000000000030000000000000000
00020000000J00040000000020B0000000B000000000000002
00360002700000000200000000000000000000000000000000
40000070200003000000000000000000000000000000000000
05404001405600000000001000G00000000000B00000000102
30000002000010000000000000000000000000000000000000
97768838397475946888982299344564434004009918882136
