00000300000000000000000000000000000000000200200000
0000000E000000000000000200000000000000000100000000
00000000000000000000000000001000000000003000000000
00000000000000000000004000002031000000000000000000
00000000000000000000000000000300000000000000000000
000000000003000000000000020003000000000E0000000012
0000000000000300000000000E000000300000000000000000
00000010000000000000000000000000000000000000004000
00020000000000002000000000000000000000000000000000
000400300000000000000000000000000000200000E0000000
00000100000000010000000000000000040000000000000000
02000000000000000000020000000000000040000000000200
00000000000000000000100000000000000000000000001000
00010000000000000000000000000000000000000000000000
00000000000000000000000000000000000030000000000000
00200000000000000000000000000000000000000000000020
0100000000000000000000000000000A000400000000000000
43000000000200000000000F00000000000000000300000000
00000000000000000000200000000000000000000000000000
30200000000000000000000000000000000200000000000000
00300100040000000000000002000000000000000000000030
00000000000000000003004000000000003000000000000000
00000000000000000000000000000000002000000040000000
00000000000000000000000000000000300000000000030300
00000000000000000000000040000002000000000000000000
00000030000000000000000000000000000004000000000000
00000000000000000000000000000000000000000000000004
00001000000000000002000000000000000000000000000000
10100000000000000000000000000000000000000000002000
00000000000000000000000010200000000000000000030000
0000000402000000000E01000000H00000000000000000000H
00004000000000000000000000000000000000000000001000
F0000120003000000000000000000000000000000000000300
00000000000000000000000000000000000000000000000000
00002000000000000000000000000000000000000020000000
00000000000000000000000000000000000000000000000000
20000000000000000000000000000A00000000400000000000
00000000000000000000000000000000000000000000000000
00400000000000000000000000060000000000300000000000
40000000000000000000000000001000000000000000004000
00000000000000000000004000000000000000000201000002
40001000000000000000000000000000000000000000000000
00000300000000000000000000000000000000000000000000
00000000000000004000000000000000000000000000000000
000000000000300000000000000000000000000000000D0200
0F000020000000000000000000000000000000000000080000
00000000000000000000000001000000000000000000000000
0000000000000000030000040040020000E000000000000031
00003000002000000000000400000000000000000000003100
97788839599475986888992299584567437304609918882436
