40000000000000000001111000110100111050100001210011
00000000000000000000101110111110010051504231011100
00030000220000000430111011101003011501000141031111
20000000000000001000010070060010011020101100000400
00000000000000000020101110101500001005010100010000
01000000000000000000100001002101004000001020201100
00000000010000300000110114110000002003110101011010
02000000000000000011101200000410004101101111110121
01000000000000000100011100100001110411010211001100
12000000000003030010000001000000040010010410100400
0000A000000000001100100000000002010100110011411100
30000000000201000451000000100000004010110110000103
01040000000000400040000000000010010111010002000130
10000000000000000400000002001000311011100105010301
00000000000000010000000030100210110001000140000010
00300000001003001304110000001040200000000210110162
030010000110000001045012100000A1311100000004000201
00000000000000000130000000000000100100110000100111
01000001000000000000000000000001011130101010101030
01100003000000000400000000104110110101115011100400
00014001000032000000000000101000400000500002111001
10000000200000000000000000001100001001110101000101
00000000000000000000000000000000101411111121011002
0000000000000000000000B000000001010101210000151110
000000000000000000000000A1000000011011010110000000
00000000300030000000001110100000001111110104000000
00000000000000000000010431020000001101110000000101
00000000000300000000000000004110020000340000000004
00000104000000000000001000000110100020113203020000
00010003000000001000000110011114000101100000000000
10000000000000000000023001111100000000002000000000
00000000000000300001033111011000000000000000000000
0000000B000300301021010000011000000100000000003000
00000000000000000010111001031500010400000000000000
00000000000000403021010110000000001000200000000000
00400400100000020000411310110000010140100000000000
00000000001000003301111110010002110110000000000000
00000000000000001000200111010001010100000200000000
01000000000000000001100100000000200001000000000000
01000010000200001010010100000A00010000000000000000
10030000100000000000001100000100140100000000000000
11000000110100010131500000010021410001000000000000
1011000000002401100B1100A0031006000000000300000000
11100110000003000000000000121001101000000000000000
14010100100010304000000030101000031000000070100000
01111041211300000000001100000001011000000020000000
01101110100011000000001001102000002000000000020000
11100131111113000100001010500000032001000000030000
0101000111111140110A044410001000000101005040000000
02415500010000111100101411000101110030140010000000
