00000000050H00000000000000000000000000000000000000
00000000000000000000004000000000000000000000000000
00001000000000000000000000000000000000000000000000
000000000000000000000000030000000H1000000000000000
00000000000000000000000000000000000000000000000000
00C00000000H00000000000000200000000000000000000100
000000J0000000000000000000000000000000000000000000
00000000000000000000000000000000000000000000000000
00000000000000000000000000000000000000000000000000
00000000000000000000000000400000000000000000000000
00000000000000000000000000000000000000000000000000
00000000000004000000000000000000000000000000000200
00000000000000000000000200000000000000000F00000000
0000000000000000000000004000000000000000000F000000
0000F000000000000000000000040000000000000000000000
00000000000000000000000000040000000000000000000000
00000000000000000000000000000000000000000000000000
00000000000000000010000004000000000000000000000000
0000000000000000000000003000200000000000E000000000
000300000000E0000000000B00000000000000000000000000
00000000000100000000000000000000000000000000300000
00000000000000010000000000000200000000000000000040
00000000000000000000000000000000000000000000000003
00000400000000000000000000000000000000000000000000
000000000000000000000000000004000000000000000000G0
0000000004000000000000000000000003000000030000H000
00000000000000000000000000000000000000000000000000
00000000000000003000000000000000000300000000000000
00000000000000000000300000000000000000000000000000
00000000000000000000000000000000000000000000000000
00000000000000000000000000000000000000000000000000
01000000000000000000000000000000000000000000000000
00000000000000000000000000000000000000000000000000
00000000000000000000C00000000200000000000000000000
0000000000000002000000E000000000000000000000000000
00000000000000000000000000000000000000000000000000
0000000000100000000000000000000000000000H000000000
00000030000000000000000000000000000000000000000000
00000000000003000000000000000000000003000000000000
00000000000000000000000004000000000000000000040000
00000000000000000000000000000000000000000000000000
000040000000000000000003002J0000000000000000000000
00000000000000000000004000000000000000000000000000
00000000000000000000000000000000000000000000000000
00320000000000000000000000000002002000000000000000
0000000G0H0000000000000020000004000000001000040000
00000000000000000000000000000000000000000000000000
00000000000000000000000000000000000000000000000031
00000000002000000000000000000000000000000000000000
97788839597475986888992299584567437304609918882436
