00000000000000000000004010000000004000400001000030
00000000000000000200000000000000001000000000020330
000000000000000000000000A0000000000022014000000001
00000030002000000000000000000000110000000400000000
02000000000000000000000000000000220000000004400010
00000000000000000210000000003000400000202000100000
00000000000000000000000000000040000000000000400004
000030000000000000000000000000004000F0051003003030
00000000000000000000000000040000000000020000002000
00000000000000002010000300000000002000000300000000
00000000000000000000020300000000000001006000000000
00001000000000000000000000000000002000020000400033
00030000000000000000000000000003000000000004000020
00003000000020000001000000000000000000000001000001
00210000000000000000000000000000000000500130000000
20020000000000000000000000000220033038000000000100
30000000000000000000000000000000000000020004030203
03010000300000010000010000000300033002000003000151
40000010000000000000000000000000000000000000303000
00000440200000000000000002000000000320004330403000
00000004000000003000000000000000000000001400000200
00000030020000000000000000000003000000008000300040
00000000000000000000000000304002100001000100000000
000000403A0000000300300001000500000000000000010050
00401000000000001000000000200300000420003000010000
40300000000010000000000010000020400030050000000000
01000100004003011000004000010030201030000000000000
00000000002200000000020000000003000000000000000005
00405000040200000010000000000000000000000004000020
00003000000000003001000000033000000020004000400000
00000003030000000020044000030000001300000001000000
00008000000300000F00000000000044040010000000001002
05000000000000000060000000044000000000000000000000
040000B0000650300040000000001004101420000100000300
03540000200000000000002000300000100020400000001000
00040000000000000000000010024000000000000000000240
03000000000003010000100002003010200000003400000400
03002400000024020000000000000000000034330004300000
11001000000030000000400000106000000110005000000230
00300003000000000001100020000000000000030040001000
00000710000000140100002400000000000000007000000000
01300003010020000030001030000300000000000400003000
00110020100000000000000020402000200300400000100222
00000000004005100000003000023000470000702013000201
00002030004040030030001000000000000000003020000005
00100000000000440000440004030000000000000000304000
00030000000040000000000000001000030003300000006000
03300000000002020030000006002601001000005000012300
00000000000000120000000140000010001000020001000030
77668807087134626713572107040560314000000218770100
