00500000000000004000000000000000000000002000000000
04030000000000000004000000000000000000300000000000
00000000000300000000000000000000104000000000000200
00000000200000000000010000000000001000000000000030
00000002000000000000000000000000100000000020000000
00000000000000000200000000000000000000000000000000
00000000000000000000000000000020000000001000000000
00200000000000000000000000000000000000000000000000
00000000030000000000000000000000000000400000000000
00000000002000000000100000000000000100000000000000
00000000400000000000I0000000000000000H000000010000
00000000000000000000000000000000000000000000000000
30004300000000100000000020000000000000000003000000
00000500000000000000000000000000000040000000000000
04000200000000004000000000000000000000000000000000
00000000000040000000000000000000000000000000000000
00000000300000000000000000000000000000000000000000
00000000000000000000000000002000030030000000000000
00000000002000000004004000000000000002000000000000
00200000001300000000010500000000000000000000000H00
00000000000000000000000020000000000000143000000H00
00000000000000000000000000000000000000000000040000
00000000000000000000001000200000000000100000G00000
00000000000000002000000000000000000000000000000000
00000000000000000000000000000000000000000000000000
00000000000000000000000000000000040000000000000000
00020000000000000000000000000000000000000000000000
000000000000000F0000000000000000000002000000000000
0000000F000000000000000001000000030000000000000000
40000000000000000000004000000000000000030000000000
00000000000000000000000000000000000001000000000004
00000000000000000000000000000000000100000000000000
00000000000000002000000000000000000000000000000000
00000000000000000000000000000000000000020B03000000
000000F0000000000022000000000000000000000000000000
000000000000D0000000000000000000010000000000200000
00040000000000040000000000000000000000000300000000
00000000000000000000000000000000000000000000000000
00000000000000000000000000000000000004000004000000
3000000000000000000F0000000000000000000J0000000300
00000000000000000000000000000000000000000000002000
00000000000000000000000000000000000000000000000000
40000000000004000000000030000000000000001000000010
04000000000000000000000000000000000600000000300000
00020004000000000000000000000000000000000000000000
00010000700000000000000000000100010000000000000000
40000070200000000000000000000000001000000300000000
040000004020J0000000000000000000300G00000000000000
30000002000000000000300000000000000000000002000000
77768838397475646785982259344564434004009918882136
