00900000000000000000000000000000000000002000000000
04030000000000000000000000000004000000300000000040
00000000000302000000000000000001000000000000000000
00000000200000001000000000F00000000000000000000030
00000002000300000000000000000000000000000000000000
0000000000000000000000000010000000000000000000000E
0000000000003000E000000000000000000000000000000000
00200000000000000000000000000000000000000000000000
010000000700300000000000000000000000000E0000000000
00000000002000000000000000000000000000000000000000
00000010400204F00000000000000000000000000000000000
00000000000000002000000000000000000000300000000000
30004340000040100000000000000000000000000000000000
00040500000000020000000000000000000000000000000000
04000200004040004000000020000000000000020000000000
00000000000044000000400000000000000000000000000400
30002430300100000100300000000000000000000000000000
0000000000004000000000000C040000000000000000000020
0000030000200100000C004000000000000000000000000000
00500000002300000000000000000000000000000000000000
0400010000000000000C000000000000000000000000000000
00000000000000000000004000000000000000000000000000
000000000000000000000000102C0000000020000000000000
00000000000000002440000000000000000F00000000000000
00000100000000000030000000000000000000000000000000
00000000000000000000000000000000000000000000000000
04020000000000000010000000000000000000000000000000
000300000020000000000000000000F0000000000000001000
00000000000000000000000004000000000000000000000000
70000020000000040000004000000000000000000000000000
00002000000020000000000000000000000000000000000000
00000000300000000000000000000000200000000000000000
0000000000000020200002000000000000000D0000G0000000
00000000000000000000000000000000000000000000000000
0000000400000000002200000200000000A000000000000000
00000000030400000000000000010000010000000000000000
00040000000000040030000000000000000000000000000000
00000000000000000100000000000000000000000000000000
00000000000000030000000000000000000000000000000000
60020000000000000000000400000400000000300000000000
00010000000000000000000000000000000000000000000000
50002000000000000000000000000000000000000000000000
40000003000004000000000000000000000000000000000000
04000020000000030000000000000004000000000000000000
00020004000000000000000000000200000000000000000000
00310000700000000000001000000000000000000000000000
40000070200000000000000000400000000000000000000000
04400000402000000000000000000000000000000000000000
3000000200000000000000000000000000000000H000000000
97768838397475946788982259344564434004009918882136
