00040000000000000000000000200000000000000000000000
00000000000000000000000000000000000000000000000000
00000000000040003000000000000000000000000000000000
00000000000000F00000000000000000000000000000000000
00000000000000000001000000000000000000000000000000
00000000000000000000000000000000000000000000000000
00000000040000001000000000000000000000000000000000
00000000000003000000000200000000000000000000000000
0000000000000000000000000000000000000000000H000000
0000000000000000400000000000000000000000000B000000
000C0000000000000000000000000000000000000000000000
00000003000000000000000000000000000000002000000000
0000C000000000040000000000000000000000000000000000
000D0000200000000000000000000000000000000000000000
00000000000000000000000000000000000000000000030000
0B0000000000000000000000000000000F00010000G0000040
00000000000000000000000000000000000000000000000000
00000000000000100000000000000000000000000000000000
000C0000000000000000000000000000000000000000000020
00000000000000000000000000000000000000000000000000
00000000000000000000030000000000000000000000000030
00000000000000000100000010000000000000000000000000
00000000000000000000000000000000000000000000000000
00000000000000000000000000000000004010000000040000
00000000000000000000000000000000020000000400000000
00000000000000000000000000000003000000000000004000
00000000000000000000000000000000000000000000000000
00030000000000000000000000000000000000000000000000
00000000000000000000000000000000100000000003000000
00000000000000000000000000000000000000000000000000
00000000000000000000000000000000000000000000002000
000000000F0000000000000000000000000000000000000010
00000000000000000000020000000000000000000000000000
00000000000000000000000000000000000000004000000000
00000000000000000000000000000000000000000000000000
0000400000000000000000000000000000000000000000E000
00000000000000000000000000000000000000000000000000
00000000000000000000000000010000000000000400000000
000000000F0000000000000000000000013000000000000000
00000000000000000000000000000000000000000000000004
0000000030000000000000000030000000G000020000000000
00000000000000000000000000000000000000000000000000
0000000000A00000000000000000000000000000000F000000
0000000000000000000000000D000000000000000000000000
00000000000004000010000000000000300000000000000000
00000000000004400000000000000000000000000000000000
00000B00000000000D00000000000000000000000000040000
00000000000000000000000000000000000000000000000000
0G000000000000000000000000000000000000000000000000
77668807397265626785972219044560314004004618780134
