00000000000000000000000000000000000000000000000000
000000000000000F0000000000000000000000000000000000
00000000000010000000000000000000000000030000000000
00E00000000000000001000000000000000000000000004000
0G000000000000000000000000000000000000000000000000
00000000000000000000000000000000000001000000000000
00000000000000000000000000000000000000000000000000
00000004000000000000000000000000030000000100000000
00000000000400000000000000000000000000000001000000
000B0000000000000000000000000000200000000000000000
00000000000000000000000000000000000000000000000000
00000000000000000000000000000000000000000000000000
000000000004040000000000000000000000000F0000000000
00000000000000000000000000000000000000000000000000
000000F0000000000000000000000002000000000000000000
00000000000000000000000000000000000000400000000001
00000000000000000000000000000000004001000000200000
00000000000000000000000000000000000000000000000000
00000000000002000000000000000000000000000000010020
00000000000000000000000000000000000000000300000000
00000000000000000000000000000004000000000100000000
00000000000000000000000000000000000000000000000000
000000000000C0000000400000000000000000000000000000
00000000000000000000000000000040000000000001000000
00000000000400000000000000000000000000040000000000
00000000000002000000000000000000000000000000000000
A0000000000000004000000040000000000000100000000000
00000000000000000000000000000300000000000000000000
00000000000010000000000000000000000000000000000000
00000000000000000000000000000000000000000000000000
000000000000000000000000100000000000A0000000000000
00400000000000000000000000040006000000010000000000
00000000000000000000000000000000000000000000000100
00000000F00000000000000000000030000000020000000000
B0004000000000000000000000000010000000000000000000
00000000000000000000000000000000000000000000000000
00000000000000000000000000000000000000000000000000
00110000000000000000000000000000000000000000000000
00000000000000000000000000000000000000000000000004
600000000E00001E0000000000000000000000000000000404
0001000000000000000000000100G000000000000000000020
50000000000000000004020000000000000000000000001000
40000000000004000000000000000000000400000000003401
040000200000010300400000I0000000030B00000000000000
00020000000000040000000020000000300000E00000000002
00360002700000000400000000000000000000000000000000
4000107020000300000000000B000000000000000000000000
05404001405J00000000001000000G0000000B000000000102
30000002000040000000000000000000000000000000000000
97768838397475946888982299344564434004009918882436
