00040000000000000000000000200000000000000000000000
00000000000000000000000000000000000000000000000000
00000000000040003000000000000000000000000000000000
00000000000000000000000000000000000000000000000000
0000000000000F000001000000000000000000000000000000
00000000000000000000000000000000000000000000000000
00000000040000001000000000000000000000000000000000
00000000000003000000000200000000000000000000000000
00000000000000000000000000000000000000000000040000
00000C00000000004000000000000000000000000000000000
0000C000000000000000000000000000000000000000000000
00000003000000000000000000000000000000002000000000
00000000000004040000000000000000000000000000000000
B0000000200000000000000000000000000000000000000000
00000000000000000000000000000000000000000000030000
000000000000000000000000000000000000F1000000000040
00000000000000000000000000000000000000400000G00000
00000000000000100000000000000000000000000000000000
00000000000000000000000000000000000000000000000020
00C00000000000000000000000000000000000000000000000
00000000000000000000030000000000000002000000000030
00000000000000000100000010000000000000000000000000
00000000000000000000000000000000000000000000000000
00000000000000000000000000000000004010000000040000
00000000000000000000000000000000020000000400000000
00000000000000000000000000000003000000000000004000
00000000000000000000000000000000000000000000000000
00030000000000000000000000000000000000000000000000
00000000000000000000000000000000100000000003000000
00000000000000000000000000000000000000000000000000
00000000000000000000000000000000000000000000002000
00000000000000000000000000000000000000000000000010
0000000F000000000000020000000000000000000000000000
00000000000000000000000000000000000000004000000000
00000000000000000000000000000000000000000000000E00
000040000F0000000000000300000000100000000000000000
00000000000000000000000000000000000000000000000000
00000000000000000000000000010000000000000400000000
00000000000000000000000000000000013000000000000000
00000000000000000000000000000000000000000D00000004
00000000300000000000000000300001000000020000000000
000000000000000000000000000000000G0000000000000000
10000000000000000000000000000000000000000000000000
0000000A000000000100000000000000000000000000000000
00000000000004000010000000000000300000000000000000
00000000000004400000000000000000000000000000000000
000G0000000000000000000000000000000000000000040000
00000000000000000000000000000000000000000000000000
00000000000000000000000000000000000000000000000000
77668807397265626785972219044560314004004618780134
