00440000000000000000000000000000000000000000000000
70000000000000400000000000000000000000000000000000
03000000000000000000000000000000000000000000000000
04300000000000000000000400000000000004000000000000
04000000000000000000000000000000000000000000000020
100002000000000C0002000000000000000000000000030000
0300000000000000000000000000000000000000000000E000
02000000000000000000000000000000004000000000000000
00000000000000000003000000000000010000000000000000
0000000000000000000000000000020000000C000000000000
00000000000000006000000000000000000300000000000010
00000000000000000000000000000000000000000003000000
00000000000000000000000000040000000000000000000000
00000000030000000000000000000000000000000000040000
00000400000000000040010000000000000000000000000000
0000000000000000000000000000000000000H000000000000
00000000000000000000000000005000000000000000000000
00000000003000000000000000000000000000000000000000
0C000000H00040000000300000000000000000000000000002
00000000000000000000000000000000000100000100000000
00002000000000010000000000000000000000000000000000
00000000000000000000000000000000000000000000000000
00000020020000000000000000000000000000000000000000
00000000000400004000000001000000000000000000000000
20002020000000000002000000000000000000000000000000
00000000000000000010000000000000030000000000000000
02000000000020022003000000000000000000000000000000
300E0000000000000000000000000000000000A00020000000
00000000000000000000000200000000000000000000000004
00000000000000000000000003000300G00000000000000000
01000000000000000000001000000000000400000000000000
40000000000000000004000000000006000000000000000002
00000000000000000000000000000000000000000000004000
00000000000000000000000000000000200000000000200000
00000000000000000000000040000000000000000000000000
0000000000000000000000000000000000000400000000000I
0000000000000000000000000000000000000B000000300400
00000000200000000000000000000000004000000002000400
000000000G0000000000000000000000003003000000000000
0000000000000000040000000E000000000000000000000004
00040000000030000000000000000001000000000000000010
0000000000000000010000000000000H000000000000100000
00000000000000000040000000000000003000000000000000
00000000000000000000000000000500004000010000000000
0000000000000000000C000000020000000000000000000000
00600000000000000000000000000000000000600000400000
000000003100000000000000000000000000F0000030000000
00B00000000000000000000000000000000030000000000010
00000000000000000000000000000G00000000000000000400
77668808397275646785982219044560334004004618780134
