00001000000000001000000000000000000000000000000040
10002000000004004040000000000000000000000000200040
04000000011000000000000000020000200000000000050000
00001040000000000200000000000000000000000000000000
00230100000010010070000000000000000000000000000000
00000000000302000000000000000000000000000000000020
00300002000000000000000000000000000000000000000000
00000100000030004000000000000000000000000000000000
00014020000032000000000000000000000000100000000000
30000000000400000000100000000000000010000000000200
00600003000000000000000000000000000000000004000000
00000000000000000000000000400000000400000000000000
00220000000000000200000000003000000000000000000000
00000000300000400000000000000000000000000000000010
00000000000000000000000000000000000000000010000000
10000000000001000000040000000020000000000000030000
04000032000000000000B00000000000000000000000000000
00002000000000000000000000020000000000000000400010
000800300000200000000000B0000045001000000000000000
00000034000000000000000000000000000000000000003000
000000000000000000E0001100000000000000000000000000
0042003C000000000000000000000000000000000000000300
01000200000000000000000440000000100000000000030300
00000000000000000000000020000120000000400000000004
0000100000000000000A000000000300000000300000000004
10100000000000000000000000004000000000000000000000
00000000200000000000000000000010304000030000000000
0000000000000000000B000200200403000000000000000000
00001000000000000000000000000000000000000010000000
03000000203000000000000000000003000000000010020000
00302000000000000000000003000000000000000030000000
00000000000000000000000000000000000000300000001030
00300000000000040000000000040000000000000500000000
00000000000000000002000000000000000000000030000000
00300000A00020000000000000000000000000000000000000
00300000300000000000000001000000B00000200000430000
00103000022000000000000010000000000000002000000C00
252000000000000000B0000000000000000000100000000000
00000000304100000000000000000000000000000000000000
01401100000000002000000000000000000040000000200000
00033000000030000000000000000000000B00000000000000
00030100104000000000000002000000000000200000200000
00000000000000000000000000000000000000020000000000
0000000000000000000000000050300000000C200000000000
00000000100000000000000000000000000000000000000000
00000000000000000000000000000000000000100000000002
00000000000000000000020003004304033400004000000000
0010210000200000000000000000000004400000000B000000
00000100000000000010200000000000000000002004000000
35648504087134116410102007000504452100540010440100
