00000000010000400200000020000000000000000001000000
00000002010000000000300000000000000000000800000000
02000000000010000000000000000001400000060200000000
00000000000000000001000000000000000300000000004400
02200000000000000000010000000000002000000000000000
00000000000000000000000000000200030001000003000000
00000000000000000000000000040003000000000010000000
00000000000100002300000000000000030000000100028000
00000010000000000000102001000400200000000001000000
20000000000000010010000000000000203000000000000000
00000000000000000000020000000000B00000000008000000
000003000000004000000202000000G0000000000003000000
00000000000000000000000105000000G00040040000000000
00000400000000000000000003000400000000000000000004
00000000000000000000000000200002000000000000000000
00000000000000000000000000000003000000000000010024
00030000000000000000000030000040004000000000200000
00000000000000400000000000000100030000404000000000
00000000000000000000000010000000000000000000010020
00000000000000000000000000000000000400000300000020
00100000000000000400000000000004000000000104002004
10000000000000000000000000000000000000000400000000
00030000000000000000000020000003000000020000002000
00000040000000000000000000030040000000000001000000
00000000000000000000000000000000000001000000000300
00000000000000000000000000000000000000000000000003
00400200000000002000000040000000000000000010000000
0000000000004200000010030010000J000000000000000000
00000000006000000000004000000000000000000040002000
00000000000000000000000300000000000030000000000000
00001000000000000000000000000JE0000000200300000003
00000002000000000000000000000000000000000000000000
00000000000000000000200000000000000000000003000500
00000000000000000000000000000000000000000000000000
00000000000000000003000000000000000000000000C00000
00000004000000000000000004000000040000000000000JF0
0000000000000000000000000000000000030000000000000G
01004000000000000010000000400000000000000000000000
00000000000000000003000000040000002000000000000000
02000000000000200000000020000000000000000000000000
0000000040000E000000000000000000000000010000200000
00000000000000000020000000000000000000000000000000
00400000000000H00100000000000000000000000000000000
00004000000000000000000000000000000000000000000000
0000000000000B000000000000000000000B00000000000000
00000200000B0000000000H000E00000C00000000000000000
00010000000000003000000000000000000000000000000040
000000000200000000000000I004000E000000000000000002
000000000000000000000E00000000000C0000000000000030
97768838397475946888982299384564434004409918882436
