00000000040000000000000000000000000000000000000000
10000000000000000000000000000000000000000000000002
003000000001000000000000000400H0000000K00000000100
000004000000000000000L0000000000000B00000000000000
00000000000000000000000000000000000000J00000002000
00000000000000000000000000140000000000000000000000
00000000300000000000000000000000000000000000000000
00000000000000000000000000000000000000000000000000
00000000000000000000000000000000000000000000000000
00000000000000000000000000000000000000000000000000
0000000000204000000400003000000000000000000E000000
00000000000000000000002000000000000000000000000000
000000000000000000000000000000000000000000G0000000
00000000000000000000000000000000000000000000000100
00000000000000000000000000000000000000000000000000
00000000000000000000000000000000000000420000000000
000000N0040000000000000000000000000000010000000000
00000000000000000000000000000000000000000000000000
00000000000000000100000000000000000000000000000000
30000000000000000000000000000000000000000000000000
00400000000000000000000000000000000040000000000000
00000000000000030000000000000000000000000000000000
00000000000000000000000000000000000000000000000000
00000002000000000000000000000000000000000000000000
00000000000000100000000000000000000000000000000000
00000000000000000000000000000000000000000000000000
00000000000000000000000000000000000000000000000000
00000000000000000000000000000000000000000000000000
00000000000002000000000000000000000000000000000000
00000000000000000000000030000000000000000000000000
00000000000000000002000000000000000000000000010000
00000000000000020000000000000000000000000000000000
00000000000000000000000000000000000000000000000000
00000000000000000000000000000000000020000000030000
00000000000000000000000000000000000000000000000000
0000000000000000000000000000H000000000000000000000
00000000000000000000000000000000000000000000000000
00N00000000000000G000000000000000000000000H0000000
00000000000000000000000000000000000000000000000000
00000000000000000000000000000000400000000000000L00
000000000000000030000000000000000000000000E0000000
00000000000002400000000000000000000000000000000000
00000000000000000000000000000000000000000000000000
00000000000000000040000000000304000000000000000000
00000000000000000000000000000000000000000000000000
000000000000000000000000000000000000000H0000000200
00000000000000000000000020000000000000000000000000
00000000000000000000010010400000000000000G00000000
00000000000000000000000000000000000010020000000000
99988879599699998888998399788697549395609948889636
