20000000020001000000000000000000000000000000000000
00000000000000000000000200000000000000000000000000
20010000000000000000000300000000000000000000000000
2000000000000000000000000400E000200000000000000000
00040000000002000000000000000000000000000200000000
00000000000000000000000000003000000000000000000000
00000000000040000000000000000000000000000000000000
00000000000000040000000000000200000000000000000000
000000000020323000000000000000000000B0000000000000
00000300E00003000000100000000004000000000000000000
00000000000000000000000000000000000000030000000000
00000000000000000000000000000000000000000430A00000
01000003000010004000000000000000000000000000000000
00010000000000000000000000000000000000000000000000
00000000000000000000000400000000000000000000000000
00000000000000000000400300000000000001000000000000
0000000000000000000000000000013200000000000020000A
00000400000004000000000000000000000000000000000004
00002010000004000000020000000000100000000000053000
00000000000000200004000000000000000010000002000000
00000000000000000000000000000000000000000000000200
00000000000000000000000000200000004000000000000040
00000000000000000000000000304000000010000100000000
00000000000000000400000001E30800100000000000000000
000000030000000000000000002000000204B0003000010000
00000000000000000000000000000020000030000020000000
00000000000001000000400000000000001030000000000F00
00000000000000000000000000000000000000040000000005
00000000000003000004000000000000020000000004000020
00000000004000000000000000037000000040005000400000
00000000010000050000000000030020001300000301000000
00000000000000000000000000302044060120010000001002
00000000000000000000000030044000000040000000000000
20000000000000000010000000001004101420003100000300
00000000000300000000004000310010100020400000001030
00030000000000000000001010124000000000034000000440
000000000000A0000000100002206010240000003430000400
00000040000100000000000000000000000034330004300044
00000030000000000000004000109000400110005000002234
00000000000000000001004020000000000000030040001000
01000003000000000000002400020000000000007000000002
00000000000000000000001030000300000000230400043000
00000000000000000000030020402040200300400000100222
40000000000005000000003000023300770000703013000203
000020000000000000B0201000000000000003003020410305
04000000000000000000450C34030000041000130100304000
00000000000100000000000000001000030003340000006000
00200000000200000000000006002701001010006000016300
04000000000000020004000140402010001304020001002030
77668807087234626713972107044560314000004218770100
