00000000040000000000000L00000000000000000000000000
1000000000000000000000000000000H000000000000000002
00300000000000000000000000040000000K00000000000100
00000400000000000000000000000000000000000000000000
00000000000000000000000000000000000B00000000002000
00000000000000000000000000140000000000000000000000
0000000030000000000000000000000000000J000000000000
00000000000000000000000000000000000000000000000000
00000000000000000000000000000000000000000000000000
00000000000000000000000000000000000000000000000000
00000000002040000004000030000000000000000000000000
00000000000000000000002000000000000000000000000000
0000000000000000000000000000000000000000000G000000
0000000000000000000000000000000000000000000E000100
00000000000000000000000000000000000000000000000000
000000000000000000000000000000000000004200000D0000
0000000N000000000000000000000000000000010000000000
000000H000000000000000000000000000000000000J000000
00000000000000000000000000000000000000000000000000
30000000000000000000000000000000000000000000000000
00400000000J000000000000000000000000400000D0000000
00000000000000030000000000000000000000000000000000
00000000000000000000000000000000000000000000000000
00000002000000000000000000000000000000000000000000
00000000000000100000000000000000000000000000000000
00000000000000000000000000000000000000000000000000
00000000000000000000000000000000000000000000000000
00000000000000000000000000000000000000000000000000
00000000000000000000000000000000000000000000000000
000000000000000000000D0030000000000000000000000000
00000000000000000002000000000000000000000000010000
00000000000000020000000000000000000000000000000000
00000000000000000000000000000000000000000000000000
00000000000000000000000000000000000020000000030000
00000000000000000000000000000000000000000000000000
0000000000000000G00000000000H00000000000000H000000
00000000000000000000000000000000000000000000000000
00000000000000000000000000000000000000000003000000
00000000000000000000000000000000000000000000000000
00000000000000000000000000000000400000000000000000
00000000000000003000000000000000000000000000000L00
00000000N00002400000000000000000000000000000000000
00000000000000000000000000000000000000000000000000
0000000000000000000000000000000400000000E000000000
00000000000000000000000000000000000000000000000000
00000000000000000000000000000000000000H00000000200
00000000000000000000000020000000000000000G00000000
00000000000000000000010010400000000000000400000000
00000000000000000000000000000000000010021000000000
99988879599699998888998399788697549395609948889636
