000010000000000000000100400000000304000000D1000000
10002000000004000000000000030300028E000000C0000000
040000000010000000000000000500040000002000C0000000
00001000000000000000000300000000040010000000000000
00200000000000000030000000000000B03000000000000000
000000000003020000000000000000000000000000000F000A
00300002000000000000000000000000000000000000000000
00000000000030004000000004000000000000000000000000
00014000000002000000000000000000000000000000000000
30000000000000004000000000000000000000000000000000
0060000300000000000000000000000000000A00D000000000
00000000000000000020000000000000000000000000000000
00220000000400000000000000000000200000000000000000
000000000A0000000000000000000000000100000000000000
0000000000000B000000000000000000000000000000000B00
1000000000000000000004030000000000000B000000000000
04000032000000000000000000000000000000000000000000
0000200000000000003000000000000D000000000000400000
00080030000000000000000000000000000000000000000000
00000034000000000000000000000000000000000000003000
000000000000000000000B0000000000000000000000000000
00420000000500000000000000000000000000000000000000
00000200000004000000000000000000000000000000020000
000000000000000000A0B00000000000000000400000000000
00001000000000000000000000000300000000000000000000
10000000000300000000000000000000000000000000000000
00000000000000000000000000000000300000000000A00000
00000000000000000000000200200000000000000000000000
00000000000000000400000000000000000000000000000000
03000000000000000000000000000000000000000010000000
00000000000000000000000000000000000000000030000000
00000000000000000000000000000000000032000000000000
00000003000000040000000000000000000000000200000000
00000000000000000002000000000000000000000000000000
00000000000000000000000000000000000100000000000000
00000000000000000000000000000000000000200000000000
00000000020000000000000000000000000000002000000020
00000000000000000000000000C00000000000000000000000
00000000004000000000000000000000000000000000000000
01400100000000000000000000000000024000000000200000
00000000000000000000400000000000000000000000002003
00030100004000000000000000000000000000200000000001
00000000000000000000000000000000000020000000000000
00000000000000000000000000303000000300000000000000
00000000000000000000000000000000000000000000000000
0000000000000000000000000000000000000000000000000C
00000000000000000000020003000300003002004000000102
00100100002000000000000000000000000000000000004024
00000100000000000010000000000000000000000004000000
35646504086134116410101007000504352100340010400104
