00000000000000000000004010000000004000300001000030
00000000000000000200000000000000001000000000020330
00000000000000000000000000000000000002014000000001
00000000000000000000000000000000110000000400000000
00000000000000000000000000000000200000000004400010
00000B00000000000210000000000000400000202000000000
000000000000000000000A0000000040000000000000400004
00000000000000000000000000000000400000051003003030
00000000000000000000000000000000000000020000002000
00000000000000002000000000000000002000000300000000
00000000000000000000000300000000000601006000000000
000010000000000000000000000000000F2000020000400030
00030000000000000000000000000000000000000004000020
00000000000000000001000000000000000000000001000001
00210000000000000000000000000000000000100130000000
20000000000000000000000000000000000034000000000100
30000000000000000000000000000000000000020004030203
00010000300000000000010000000300033002000003000010
40000010000000000000000000000000000000000000303000
00000440000000000000000002000000000320004330403000
000000000000000A3000000000000000000000001400000200
00000030020000000000000000000003000000004000300000
00000000000000000000000000304002100001000000000000
00000000310000000300000001000500000000000000010050
00401000000000000000000000200300000020003000010000
40300000000010000000000010000020400030050000000000
01000100000000011000004000010030201030000000000000
00000000002200000000020000000003000000000000000005
00405000040200000010000000000000000000000000000020
000030B0000000F50001000000033000000000000000400000
00000003030000000020004000000000001300000001000000
00008000000300000000000000000044040000000000001002
05000300000000000030000000040000000000000000000000
04000000000650200040000000001004101400000100000000
03540000200000000000002000300000000020400000001000
00040000000000000000000010024000000000000000000240
03000000000003010000000002003010200000003000000400
03002400000024020000000000000000000034030004300000
11000000000030000000400000106000000010005000000230
00000003000000000001100020000000000000030040001000
00000710000000100100002400000000000000007000000000
01000003010020000030001030000300000000000400003000
00110020100000000000000020402000200300400000000222
00000000004005100000003000023000470000702013000201
00002030004040000030001000000000000000003020000005
00100000000000440000140004030000000000000000304000
00030000000040000000000000001000000003300000006000
03000000000002020030000006001201001000005000012300
00000000000000100000000140000010001000020000000030
77668807087134616713572107040560314000000218770100
