00000000020000002000000000000000040010004001200000
00002000000000020044000000000000000304000000000100
03000000000300040003020000000000000000020000000000
00000000010000000220020000000000000030000020000000
00000000000010000000000000030000004000000000000000
00030000000000000000100001000000000000023000004030
00040200000000000000000400000000000000000000000000
00000000000000000000000000000000500003030000300000
00000000000000000400000400000000000000000000403000
20000000000000000002000000000000000000000000000400
31000203000000000000000001000000000000000000000410
00000000000000000000000000000020000000000200000000
00000000000000000000000102400100000000000000000000
0000000000000A001000100000000000001000000000000007
00007000000000000000000000000000000000200000000000
02000302000000000000000000000000000000000000000004
00000000000000000000000004000000024B00020000000100
00000000000000000000040000000000000000000000020000
00000030000000400000000200000000000000400000020000
00003000000000000000020001000010000000040010010000
00400000000000000000000502000000070000000001000040
00400000000000000000000000000110300000000000010014
01000000000000000000000400000000000000020000003000
20004000003000000000000000000000000000000000000000
00000000000000000000020000000200000000040000000000
00400000000000400000000400000000002020000000000000
00000000000000200000003000000003000000003300100000
00002000000030000003000000000200004001000000000000
05300000000400000000000000000000000000000000000000
00010034002001000000020001000000000000000040000230
10000000000400000000040000000000000200000001000000
00210704000000000000000000020000000000001000201000
00000040000003000000000000000400000004000000040000
20000000000004004000030030010400000000040004000300
00000000000000000000104000000000020010000000300000
00031400000000030000000030000203000000000000000000
03000000001005000000000000000000004000000000000400
0300001000000000403300A204000000001000000000200002
00030100430000040004400020000002300000000000000000
02400000100001000000000000000000000000000000000400
21000007000031000000020000000000000000000000001230
13000040000030000000000A00000000000000000000000000
00104002030004000000000000000022000000000000000000
4000033030020000000002000000000000000A000000000000
00002003003401301100000000001000010400000000000000
04000200440200300000000000000000300000000000000444
00000100002104000000000000000020000000000003000300
00200000000210000200000004010000001000000000002000
04002404000021000400000000020000000000000040000000
77668807397265626785972217044560314000004218770104
