00000000000000000000002000000000000000000000000000
00000000000000000000000000000000000000000000000000
00000000000000000004000000000000010000000000000000
00000000000000000040000000000000000000000000003000
00000000001000000000000000000000000000000000000000
00000000000000200010030000000000000000000000000000
00000000400000000000040200000H00030000000000000000
00000L00000000000000000000000000000000000000000000
00000000000200001000000000000000000000020000000010
04000000003000000300000000000000000000000000000000
00000000000000000000G00000000000000200000030000000
00000000000000000000000000000000000000040000010000
00000000000000000000000000200000000000000000000000
000000000000000000000A0001000000000300000000000000
00O00000000000000000000000000000000000000000000000
00000000000000000000000000000000000000000000200000
00000000000000020000000000400000000000000000000000
0000000H000000000000000000000000000000000000000000
00000000000004000000000000000000000000000000000000
00000000000000000001000000000000000000000000000000
00000000000000000300000000000020000002000030000001
00000000000000030000000000000000000000000000000300
00000000000000000000000000000002000000000000000000
00000000000000000000000000000000000000000001000000
00000000000000000000000000000000000000000000000000
00000010000000300000000000000000000000002000000001
00600000400000000000000000000000000000000000000000
00000000000000000000000000000000000000000000002000
00000001000002003000000000000000000000000000300000
00000000000000000020000010000000000003000000000000
00000000000000000000000000000000000000000000000000
020000000000000000000000000000300000000H0000000000
44000000000000004400000000000022200000000000000000
00000000000000000000000000000000000000000000000000
00000000000000200004000000001000000000000000000000
00000000000000300000000000000000000000000000000000
00000000000000000000000000000000000000030000000000
E0000000000400000000000000000000001004000000000000
00000000000000010010000000000000000000000000000000
00000000000000000000000003000000000040000000000000
00000000000000000000000200000100000000000000000000
0000000K000000000000000000000000000001010300000000
00000000000000002000000000000000000000000000004000
00003000000000000000000000000000040000000000000003
00000020000000000000000000000000000000000300000003
0000000002000000I000000000000000000000000004000000
00000000000000000000000010000000000000000000000000
0000000K000000000000J00000000200000000000000000000
00000000000000000000000000000000000000000000000200
99988879599999999898998699788897749395609948899636
