00000000000000000000000000000000000000000000000000
002000000000000000040000000000000000000000000010C0
00000000200000000300000000000000001000000000000300
00000000000000000000000000000000000000000000000000
20000000000000000002000000000000000000000000000000
000000020000000000000000000H0000000000000000000003
000000000000000000000000000000000000000000000000E0
00000000000000000000000000000000000000000000000000
00000000000003000000000000000000000000000030000000
00000000000000000000000000002002000000000000000000
00000000000000000000000000000000000000000000000004
00000000000000010000000100000000000000300000000010
00000000000000000000000000000000000000000000003004
00000002000000000000000000000000000000000000000020
00000000000000000000000000000000000000000000003002
00400000000000000000000000000000000000000000400000
00000000000000000000000000000000000000000000000004
00000000000000000400000000000000000000000000000000
00000000000000000000000000000000000000030000004200
04000000000004000000000000000000000000000000000000
00000000000000000000000000000000000000000000000000
00000000000000000000000000000000C00000000000000000
00000000000000000000000000002000000000000000000001
00000000000004000000000000000000000003000000000000
0000000000000000G000002000000000000000000000000000
000000000000000000000000000000003I0000000000000000
00000000000000000000000000000000000000400000004000
00000000200000000000000020000000000000000000100000
00000000000000000000000000000000000000000040040000
000000020000000300100F0000000000000000000002000000
00000000000000000000000000000000000000000000000000
00000000000000000000030003000000000000000000040000
00000000000000000000000000000000G00000000000000000
00000000000000000G00000000000200000000000000000001
00E00000000000000000000000000000004000000000000000
00000000000000000000000000000000000010000000000000
00000000000000000000000000000020000000000000000000
00000000000000000000000000000000000004000000000000
00000000000000020000000340000000000000000004000000
0000F000000010000010000000002000000000000000000000
00000000000000000010000000000000000000000000000000
00000000000000000004000000000000000300000000000000
0000000000C0000000000E0000000000000000000000000000
00000000000000000000000000000000000001400000000000
00000000000000000000000000000000000000000000000000
00000000005000440000000000000000030000000000000000
00000002000000C00000100000000000000000030000000000
0000000C000000G00000000000000000000000000000000000
00A00000000000000000000000000000000000000000000020
99788839599475986888996399585677449304609918882436
