000000000000000000000000C0000000003000000000000000
01200000000000000000000000000000000400000000030000
04000000200000000000003000000000001020000000000000
00000000000000000000000000000000000000000003000000
20002000000000000000001000000000010004000030000000
00400002000000000000000000100000000002000000000000
00000400000000000000000000000000000000001000000000
04000000000000000000000000100000000000000000000004
00000000040003000000002200000000000000002000000000
000100000000000000000000000000000F0000000000000000
0000000000000000000000000000000000000000000C000000
000000031000003000000000000B0000000000000000000000
00000000000000000000000101000000000000000000000000
00000002000400000000000000000000000000000000000000
0000001000000000002G000000000000000000000000000000
0040000B0010000400000000000000000000000000E0000000
03000000000000010000000000000002000000000040000000
000000000G0000000400000000000003000000000000000000
00000000000000000000003031000000000000000000004200
44000000000000000000000000000000000000000000000000
00000000000000000000000000000001000000000300020000
0000000000000000030000000004000000000G000000010000
00000000000000000000000000000000200000000000000001
00000000000000000000010000000000000000000000000000
0000000000000000000000000000000000000000000H000030
00000000000003000000002000000000000000000000000000
00000000000000000000000000000000000000000000000104
00000000000000000010001000004001000000000000000000
00000000000000000000000000000000000000000000000030
002000000000000000000030000000000002000I0000000000
00000000000000000000000000000000000000000000000000
00000000000000000000000000000000000000000000000000
00000000000000000000000000000000400000000000000000
00000000001000000000000000000000000040030000000001
00000000000000000000000000000000000000000000000000
000000000000000000000000000000000000000000000D0000
00000000000300000000000000000020000000000000000000
00000000000000000000000300000000000004000000000000
0000000001000000000000000000001000000000000000F100
00000000001000000000000000000000000000000000000000
03000000000000000000000000000000000300000000000000
20000000000000000000000000000000000300000000000000
00000000000000000000000000000000000000000000000000
00000000000001002000000000000000000001400000000000
00000000000000000000002000000000000000020000000000
00000000000000000000000000000000034000000000000000
00000000000000000000000000000000000000031300000000
00000000000000000000000000000000003000000000000000
00000000000000000000000000000000000000000000000020
99788839599475986888996399785677449304609918882436
