000000100600000040000010010C0000000000000000000030
03000020000000000000000030000000000000340000000004
40000000000000000000000000000404300000000000050000
00000000000000000000000000000000300000000000000000
00000000000000000000000000000020000000000000000000
00000000000000060000000004000000000000000000300000
00000000000000000000000000004000004000000000400000
00000000000200000000420003000000000000000000000000
00030000000000000000000004002000200000000001300000
00000000000000000000000400000070000000030003000000
00004000000000000000000300400004400100000000100000
00000000000000000000400100000000010003000050100000
00000000000040A00000100000000000220000003004000030
00004000001000000000000000000000000000002000000010
00000000000000000000000000000000000000000000000000
00000000000000000000000000000000000000000000000000
20000104000000000010000000000000000000000000000000
00000102000000000002000000400000000000000001000000
00000000030000000003300000000000000000000004000000
00000003000000000000000000010070340000003000000000
00030000000000000000000400000000000010031000000001
00000000000000000000000000000000000000000020000000
03000040000000000000000000000000100000000000030000
00000020000000000000000000000000020020000000000000
00000000020000000000000000000000020000000000000000
00000306000000000000000000000000000000300000000040
00000300000000000004000000000301300000000200000002
00000000100000000000432000000000002000000000000000
01300030003000000300000000000000020000000000200000
00004000000000000040000000000010000000000000000000
00000000003000000000600000000000000000030000000000
00000300000000040000030000000000000000B00000000000
00000000004000000010000001200000000000000000000000
00000000000000000004000002040000000040000000000000
00000000000000000000000000000000000000000040000000
00000100000000000000000000000000000000000000000030
00000000000000010000010000000000C00000000000000300
00000000000000100000000000000000000000000000000200
01000000000003000000000000200000000000000000000000
00020000000100300000000000000000000000000000000000
00400000020000000000000001000000000000000000000000
000000000000000000000000000404A0000000000100000001
00000000000000000000000000000000000004000000000000
03000000040000000003002000000100040000000000000000
00000000000001000000000002000001007000000000000000
00000000000000000000000000000000000000000000000000
10000000000000010004010000000000000003000000100000
00000000040000000040000000040000000000000000000000
00030300000000000000000100000000000000014000000001
75668504087134516710132007000500004000000214770100
