00000003000000000000000020200000000000000000000000
00000000000000000000000000000000000000000000000000
000000000000000000000020000000000000000000000O0000
00000000000000000000000000000000000000000002000000
0000000000C000000000000000000000000000000000000000
0000000000000000000000000000000000K000000000000000
00000400003000000000000000000000000000000000000000
00000F00000000000000000000000000K000000000O0000000
0000000000000N000000000000000000000000000000000000
00000000000000000000000000000000000000000000000000
00000000000000000000000000000000000000000000000000
00000000000000000000000000000000000000010000000O00
00000000000000000000000000000000000000000000000000
00000000000000000000000000000000000000000000000000
00000000000000000000000000000000000000000000000000
00000000000000000000000000000000000000000000000000
00003000000000000000000000000000000000000000000000
00000000000000000000000000000000004000000000000000
00000000010000000000000000000000000000000000000000
00000000000000000000000000000000000000000000000000
000000000000000000000000000000000J0000000000000000
00000000000000000000000000000000000000000000000000
00000000000000000000000000000000000000000000000000
00000000000000000000000000000000000000000000000000
00000000000000H00000000000000000000000000000F00000
0000000000000000000000040000000000000000K000000000
00000000000000000000000000000000000000000000000000
00000000000000000000000000000000000000O00000000000
00000000000000000000000000000000000040000000000000
00000000000000000000000000000000000000000000010000
00000000000000000000000000000000000000000000000000
00000000000020000000000000000000000000000000000000
000000000000000000000000000000000300000000000000I0
00000000000000000000000000000000000000000000000000
00000000000000000000000000000000000000000000000000
001000000000000000000000K0000000000000000000000000
00000000000000000000000000000000001000000000000000
00000000000000000000000000M00000000000000000000000
00000000000000000000R00000000000000000000000000000
0000000000000000000000000000000000000D000000000000
00000000000000000000000000000000000000000000000000
00000000000000000000000000000000000000000000000000
02000000000000000000000000000200000000000000000000
00000000000000000000000000000000000000000000000000
000000000000000000000000000M0000000000000000000000
00000000000000000000000000000000000000000000000000
00000000001000000000000000000000000000000000000000
00000000000000000000000000000000000000000000000000
00000003003000000000000000000000000000000000000000
99998899899999999898998899889898749395809979899976
