00040000000000000000000000200000000000000000000000
00000000000000000000000000000000000000000000000000
00000000000040003000000000000000000000000000000000
00000000000000F00000000000000000000000000000000000
00000000000000000001000000000000000000000000000000
00000000000000000000000000000000000000000000000000
00000000040000001000000000000000000000000000000000
0000000000000300000000020000000000000000000H000000
00000000000000000000000000000000000000000000000000
00000000000000004000000000000000000000000000000000
000C0000000000000000000000000000000000000000B00000
00000003000000000000000000000000000000002000000000
00000000000000040000000000000000000000000000000000
0000C000200000000000000000000000000000000000000000
000000000000000000000000000000000F000000000G030000
B0000000000000000000000000000000000001000000000040
00000000000000000000000000000000000000000000000000
00000000000000100000000000000000000000000000000000
00000000000000000000000000000000000000000000000020
0000C000000000000000000000000000000000000000000000
00000000000000000000030000000000000000000000000030
000D0000000000000100000010000000000000000000000000
00000000000000000000000000000000000000000000000000
00000000000000000000000000000000004010000000040000
00000000000000000000000000000000020000000400000000
00000000000000000000000000000003000000000000004000
00000000000000000000000000000000000000000000000000
00030000000000000000000000000000000000000000000000
00000000000000000000000000000000100000000003000000
00000000000000000000000000000000000000000000000000
000000000D0000000000000000000000000000000000002000
00000000F00000000000000000000000000000000000000010
00000000000000000000020000000000000000000000000000
00000000000000000000000000000000000000004000000000
00000000000000000000000000000000000000000000000000
000040000000000000000000000000000000000000000E0000
00000000000000000000000000000000000000000000000000
00000000000000000000000000010000000000000400000000
000000000F0000000000000000000000013000000000000000
0000000000000000000000000000000000G000000000000004
00000000300000000000000000300000000000020000000000
00000000000000000000000000000000000000000000F00000
00000000000A00000000000000000000000000000000000000
00000000000000000000000000E00000000000000000000000
00000000000004000010000000000000300000000000000000
00000000000004400000000000000000000000000000000000
000000000000000000D0000000000000000000000000040000
00G0B000000000000000000000000000000000000000000000
00000000000000000000000000000000000000000000000000
77668807397265626785972219044560314004004618780134
