00000000000000030000000000000000000000001020000000
00000000000000000000000000000000000000000000000040
00000000000004000000000000000000000000000000000000
00000000000000000000020100000000000000000000000001
00000000000000400000000000000020000000000000000000
00000000000000000020000000000000000000000000000000
00000000000000000003000000000200000000000000001000
00000000000000000000000000000000000000000000000000
0000EK00000000000000000000002000000000004000004000
00000000000000000000030004000000003000000000000000
00E00000000000000000010000000400000000000000000000
00I00000000000000J30000000000000GG0000000000000030
00000000000000000000000200200000000000000000000000
00400040000000000000000002000000010000000020000000
00000000000000000200000002000000000000000100000000
00000000000000000000000000000000000000000000040000
00000000000000000000000000000000030000000000000002
00000000000000000000000000004000010000200000000200
130F0000000000030000000000000002000000000000000001
00000000000000000000000000000000230000000000000000
00000000000000000000000000000000020004000003000000
00000000000000000000000000000000400010003400002100
01000000001000000003000000300000000200000000003000
00000000000000000000000000000000000000000000000000
000000000004000J0000000000000000010000000000040000
1001400010000000B000000000400000000000000000000000
00000000000000200000020000000000000000000000000000
00002000000000000000000000003000000000000000000000
00000000000000000000000002000000000000000000000000
00000040000000040000000023100000000000000000000000
00000000000004000000000000300000010000302000000000
00400000000400000000100000000000000000000000000000
000000000000400000000000400000K0000000000000000000
00000000002000000000000000040G00000400000000000000
00000000000000000000000000000000400000000000000000
00003000000030000000000000000000000002000000000300
00040000000400000000000000030000000000000000000010
00002000000000000000000000000000000000000000000000
00000000000000000000000000000030000200000000000000
00000000000000000000000000004020000000000000400000
00000000000000004000000000000000000000000000000000
0030000000F00000000000000010000000000J000000000000
302004000E00000000000020000I0000000000000000000000
00000000000000000000000000I00004004000B01000000000
00100000002300010000000000000000000000000000000000
00000000030000000000000000000000000000000000000000
00000000000000000000000000000000000000000000000000
00000000000000000003000000002000001000000000000000
00000000000040004000000000000000000000200000000000
99888879599675988888998399785697549395609918889636
