00040000000000000000000000200000000000000000000000
00000000000000000000000000000000000000000000000000
00000000000040000000000000000000000000000000000000
00000000000000000000000000000000000000000000000000
00000000000000000000000000000000000000000000000000
00000000000000000000000000000000000000000000000000
0000000004000000F000000000000000000000000000000000
00000000000003000000000200000000000000000000000000
00000010000000000000000000000000001000000000040000
00000000000000004000000100000000000000000000000000
00000000000000000000000000000000000000000000000000
00000003200000000000000000000000000000002000000000
00000000000004040000000000000000000000000000000000
000C0000200000000000000000000000000000001000000000
00000400000000000000000000000000000000000000030000
00000000000000000000000000002000000000000000000040
00000000000000000000000000000000000000000000000000
00000000000000300000000000000000000F00000000000000
00000000000000000000000000000000000000000000000020
00000200000000000000000000000000000000000000000000
000000D0000000000000030000000000000002000000000030
00000000000020000100000010000000000000000000000000
00000000000000000000000000000000000000000000000000
00000000300000000000000000000000004010000000040000
00000000000000000000000000000000020000000400000000
00000000000000000003000000000003000000000000004000
00000000000000000000000000000400000000000000000000
000300000000000000000000000000000000000000000000E0
00000000000000000000000000000000100000000003000000
00F00020000000000000000000000000000000000000000000
00000000000000000000000000000000003000000000000000
00000000000000000000000000000000000000000000000000
00000000000000000000020000000000000000000000001000
00000000000000000000000000000000000000007000000000
00000000000000000000000000000000000000000000000000
00004000000000000000000300000000100000000000000000
0000000000F000000000000000000000000000000000000000
00000000000000000000000300010000000000000400000000
00000000000000000000000000000000013000000000000000
00000000000000000000000000000000000000000000000004
00000000300000000000000100300001000000020000000000
00000000000300000000000000000000000000000000000000
10000000000000000000000000000000000000000000000000
00000000000000000100000000000000000000000000000000
00000000000004000010000000000000300000000000000000
00000000000004400000000000000000000000000000000000
00000000000000000000000000000000000000000000040000
00000000G00000000000000000000000000000000000000000
00000000000000000000000000000000000000000000000000
77668807397265626785972219044560314004004618780134
