00000010000000000200000020000000000000000001000000
00000000000000000000000000000000000000000400000000
00000000000010000000000000000000400000030000000000
00000000000000000001000000000000000000000000004000
00000400000000000000000000000000002000000000000000
00000000000000000000000000000200000001000003000000
00000000000000000000000000000000000000000000000000
000000E4000000000300000000000000030000000100020000
00000000000400000000000000000000000000000001000000
00000000000000000000000000000000200000000000000000
20300000000000000000000000000000000000000003000000
00000000040000000000000000000000000000000000000000
00000000000404000000000100000000100040000000000000
00000000000000000000000000000000000000000000000000
00000000000000000000000000000002000000000000000000
00000000000000000000100000000003000000400000000004
0000000F000000000000000000000000004001000000200000
00000000000000000000400000000100000000000000000000
00000000000002100000003000000000000000000000010020
00000000000000000000000000000000000000000300000020
00000000000010000000000000000004000000000104002000
00000000000000000000000000000000000000000000000000
00000000004000000000400020000000000000000000000000
0000004000000C000000000000000040000000000001000000
00000000000000000000000001000000000000040000000000
00000000000002000000000000000000000000000000000000
00200000000000004000000040000000000000100000000000
00000000000000000000000000000300000000000000000000
00000000000010000000004000000000000000000000000000
00000000000000000000000000000000000000010000000000
00000000000000000000000010000000000000000000000000
0080000F000300000000000000040006000000010000000000
00000000000000000000000000000000000A00000000000100
00000000000000000000000000000030000000020000000000
B0004000000000100000000000000010000000000000000000
00000000000000000000000000000000000000000000002000
00000000000000000000000000000000000000000000000000
00110000000000000000000030000000000000000000000000
000000400000000E3400000000000000000000000000000004
60000000000000000000000000000000000000000000000604
00010000000000000000000001000000000004000000000020
50400000100001000004020000000000000000000000001000
40000000000004000000000000000000000400000000003401
04000020000001030040000000000000030000000004000000
00050000000000J40020000020000000300000B00000000002
003600E2700000000400I00000000000000000000000001000
4000107020000300000000000000G000000000000000000000
05404001405000000000001000000000000000000000000102
30000002000040000000000200000B00000000000000000000
97768838397475946888982299354564434004009918882436
