00000000000000000000000000000000000000000000000000
0000000000000000000000000000000000000000000B000000
00000000000000000000000000000002000010000000000000
0000002000000000000C000000000000001000000000000000
00001010000000000000000000000000000001000000000000
00A00000000000000000000000000000000000000000003000
00000000000000000000000000000100000000000400000000
00000000000000300000000000000000000000000000000000
000000000F00002002000000000000F0000000000000000000
00000000000000000000000000000000000000000000000000
00000000004200000000000000000000000000000000300000
00000000000000000000000001000000100001000000000000
00000000000000000000000000000040000000000000000002
00000000000000000100000000200000000000000030000010
00000000000000000000000000000000000000000000004000
00200C0000010000B000000000000000000000000000000000
0000000000000000000000000404500000F000000000000000
00000000000000000000000000000000000000000000006000
00300000000000000020040000000000000000000020010000
00000001000000000000000330000000000000000100000000
00000000000000030004000000000000000200103000000000
00030000000330000000000000000000000000004000000000
00000030000200000000000000030000000000003000000003
00110000002000000000000000000000000000020000000004
C0002000000000000H00000000000000000000000000000000
00000000000000000000000000000000010400040000200000
00000000000000004000000000000000000000000000000001
00020000000300000000000000000000000000000000000000
00000000000000200000000000000000000000000000000000
00000000000000000000000000000000000001000000000000
00000000000000000000000000000000000000000000000000
70000000000000000000000000000000000000000000000C00
00000000000000000000000000000000000000000000000000
00000000000000000003000000000000000000000E02000000
00000000000E00000000000000000000400000000000000000
02000000000000000000000000000000030000000000000000
00000000000000000000000000000002000000000002000000
00100000000000000000000000030010000000000000300000
00000004000000000000000000000000000000000000000000
00000000000000000100100000000000000000000000000000
00010000000000000000000001000000004000000000000000
20000000000000000000000000000000000000000000000000
00000000000000000000000000000000000000000000000003
04000000000000000000000000000000000000000000000000
00020004000000000000000040000000000000000000000000
00010000700000000000000000000000000000000000000030
00000020000000000004000001000000000100000003000000
0000000000000000000000000000001000000000000000000G
30000000000020000000000000000400000000000000000000
77768838397475646785982229344563334004008918880136
