00440000000000000000000000000000000000000000000000
70000000000000400000000000000000000000000000000000
03000000000000000000000000000000000000000000000000
04300000000000000000000400000000000004000000000000
04000000000000000000000000000000000000000000000020
1000020000000001C002000000000000000000000000030000
03000000000000000000000000000000000000000000000000
020000000000000000000000000000000040000000000E0000
000000000000000000030000000000000100C0000000000000
00000000000000000000000000000200000000000000000000
00000000000000006000000000000000000300000000000010
00000000000000000000000000000000000000000003000000
00000000000000000000000000040000000000000000000000
00000000030000000000000000000000000000000000040000
00000400000000000040010000000000000000000000000000
000000000000000000000000000000000000H0000000000000
00000000000000000000000000005000000000000000000000
00000000003000000000000000000000000000000000000000
C0000000H00040000000300000000000000000000000000002
00000000000000000000000000000000000100000100000000
00002000000000010000000000000000000000000000000000
00000000000000000000000000000000000000000000000000
00000020020000000000000000000000000000000000000000
00000000000400004000000001000000000000000000000000
20002020000000000002000000000000000000000000000000
00000000000000000010000000000000030000000000000000
02000000000020022003000000000000000000000000000000
300E00000000000000000000000000000000000A0020000000
00000000000000000000000200000000000000000000000004
00000000000000000000000003000300G00000000000000000
01000000000000000000001000000000000400000000000000
40000000000000000004000000000006000000000000000002
00000000000000000000000000000000000000000000004000
00000000000000000000000000000000200000000000200000
0000000000000000000000004000000000000000000000000I
00000000000000000000000000000000000004000000000000
00000000000000000000000000000000000000B00000300400
00000000200000000000000000000000004000000002000400
0000000000G000000000000000000000003003000000000000
00000000000000000400000000E00000000000000000000004
00040000000030000000000000000001000000000000000010
00000000000000000100000000000000000000000000100000
0000000000000000004000000000000H003000000000000000
00000000000000000000000000000500004000010000000000
00000000000000000000C00000020000000000000000000000
00600000000000000000000000000000000F00600000400000
00000000310000000000000000000000000030000030000000
0B100000000000000000000000000000000030000000000010
0000000000000000000000000000G000000000000000000400
77668808397275646785982219044560334004004618780134
