00000000000000000000000000000000000000000001000000
00000000000000000000000000000000000000000000000000
00000000000010000000000000000000000000030000000000
0000E000000000000001000000000000000000000000004000
000004000000000D0000000000000000002000000000000000
00000000000000000000000000000000000001000000000000
00000000000000000000000000000000000000000000000000
00000004000000000000000000000000030000000100000000
00000000000400000000000000000000000000000001000000
00000000000000000000000000000000200000000000000000
20000000000000000000000000000000000000000000000000
00000000000000000000000000000000000000000000000000
00000000000404000000000000000000000000000000000000
00000000000000000000000000000000000000000000000000
00000000000000000000000000000002000000000000000000
00000000000000000000000000000000000000400000000001
0000F000000000000000000000000000004001000000200000
00000000000000000000000000000100000000000000000000
00000000000002000000003000000000000000000000010020
00000000000000000000000000000000000000000300000000
00000000000000000000000000000004000000000104000000
00000000000000000000000000000000000000000000000000
00000000004C00000000400020000000000000000000000000
00000000000000000000000000000040000000000001000000
00000000000000000000000000000000000000040000000000
00000000000002000000000000000000000000000000000000
00000000000000004000000040000000000000100000000000
00000000000000000000000000000300000000000000000000
0A000000000010000000004000000000000000000000000000
00000000000000000000000000000000000000000000000000
00000000000000000000000010000000000000000000000000
00400000000300000000000000040006000000010000000000
000000000F0000000000000000000000000A00000000000100
00000000000000000000000000000030000000020000000000
00004000000000000000000000000010000000000000000000
00B00000000000000000000000000000000000000000000000
00000000000000000000000000000000000000000000000000
00110000000000000000000030000000000000000000000000
00000000000000000000000000000000000000000000000004
6000000E00000020E0000000000000000G0000000000000404
00010000000000000000000001000000000003000000000020
50000000000001000004020000000000000000000000001000
400000000000040000000000I0000000000400000000003401
04000020000001030040000000000000030000000000000000
000200000000000400200000200B0000300000000000000002
003600327000J00004000000000000000000B0000000000000
4000107020000300000000000000100G000000B00000000000
05404001405000000000001000000000000000000000000102
30000002000040000000000000000000000000000000000000
97768838397475946888982299344564434004009918882436
