000000004000000000000A0000110000000402040001210011
00400000000000000000000010100000030000504231011100
00200000000000000000511001000000000000400141031111
000000000000000A0000010070090000000000001101000400
00003000000010000020101110101000000000010020012000
00000000000000000000000400002000000000000000241100
00000000000000000000100000020000000000000001011010
00000000000000000001200000000000000000000001110122
000000000000000A0000000000000000000000000001201100
000000000000000000000200000A0000000000000400100400
00000000B00000001100100000000100000000000011411101
00000000000000004650000000000300000000000110001103
00000000001000000000300000000000000000000002000130
00000000000000000000100000000000000000000105010301
0000000000000A0000000000A0000000010000020000000014
000000000010000000000000000000001030000000032000A0
24000000031000000000002000000000000000300004000000
00000000000000000000000020000000002000000000100101
00000004000000000000000000000000000000000000001130
00000000000000000000000000000000000000010000000400
00000000000000000000000000000034000000520000A11001
00400000200000000000000000000000000001100100000101
000000000000000000000000000A0000000000000000001002
000000000000000000A0000000000000000001000000001110
00000020000000000000000000000000000010A00110000000
00000003000400000000000000000000000000000024001002
00000000000000000000000000000000000000000000000111
00000000000000000004000000000000000000000000100004
00001000000000000000000000000000000000200003000000
000000000000030000000004000000000000000000000000A0
00000000000001000000000000000001000000000000000000
000000000000020000000000000000000203A0000030000000
00000000200000000000000000000000000000000000000000
00000000001000000000000000400000000000000000000000
00000050000000000020000000000000000000000000000000
00000000000000000000000000000000000000000000000000
30030000000000000000000000000000000000000000000000
00000004000000000000004000000000000000000000000000
00000004000000000000000000000000000000000000000400
01000000000400000000000000000000000000000000002400
00000020000000000000000000000000000000000000004000
C0000000003000100000000000000000000000000000000200
00000000000000000000000002000000000000000000000000
00003000000000000000000000000000000000001000000000
00003000000000000000000000000000000000000070100008
00000000000000000000000000000000000000000020000000
A0000000000000000000000000000000030000004004020000
00000000300000000000000000000000000001000000030000
00000000000020000000000000000000000101408040000000
02415500080100114100101400000101120030140010000000
