00000000000000030000000000000000000000001020000000
00000000000000000000000000000000000000000000000040
00000000000004000000000000000000000000000000000000
00000000000000000000020000000000000000000000000001
00000000000000400000000000000000000000000000000000
00000000000000000020000000000000000000000000000000
00000000000000000003000000000200000000000000001000
00000000000000000000000000000000000000000000000000
00000000K00000010000000000000000000000004000004000
0E00000000000C00030003000400000G033000000000000000
00000000000000000000010000000400000000000000000000
00000000000000000330000000000000000000000000000030
00000000000000000000000000200000000000000000000000
00400000000000000000000002000000010000000020000000
00000000000000000200000002000000000000000100000000
00000000000000000000000000000000000000000000000000
00000000000000000000000000000000030000000000000002
00000000000000000000000000004000010000000000000200
13010000000000030000000000000000000000000000000001
00000000000000000000000000000000230000000000000000
0000F000000000000000000000000000020004000003000000
00000000000000000000000000000000400010003400002100
0100000000100B000003000000300000000200000000000000
00000000000000000000000000000000000000000000000000
00000000000400200000000000000000010000000000040000
10014000000000000000000000400000000000000000000000
00000000000000200000020000000000000000000000000000
00002000000000000000000000003000000000000000000000
00000000000000000000000002000000000000000000000000
00000040000000040000000023100000000000000000000000
00000000000004000000000000000G00010000302000000000
00400000000400000000100000000000000000000000000000
00000000000040000000000000000004000000000000000000
00000000002000000000000000000400000400000000000000
00000000000000000000000000000000400000000000000000
00003000000030000000000000000000000002000000000300
00040000000400000000000000030000000000000000000010
00002000000000000000000000000000000000000000000000
0000000000E000000000000000000030000200000000000000
00000000000000000000000000004020000000000000400000
00000000000000004000000000000000000000000000000000
00000000000000000000000000100000000000000000000000
30200400000000000000000000001000000000000000000000
00000000000000000000000000010004004000000000000000
00000000002300010000000000000I000000000000000B0000
00000000030000000000000000000000000000000000000000
00000000000000000000000000000000000000000000000000
00000000000000000003000000002000001000000000000000
00000000000040004000000000000000000000200000000000
99888879599675988888998399785697549395609918889636
