00000300000000000000000000000000000000000200200000
0G000000000000000000000200000000000000000100000000
000000000000E0000000000000000000000000003000000000
0000000000000000000000400000003100000000E000000000
00000000000000000000000000000300000000000200000000
0000000000030000000000000200E300000000000000000002
00000000000000000000000000000000000000000000000000
00000000000000000000000000000000000000000000004000
00020000000000002000000000000000000000000000000000
00040000000000000000000000000000000020000000000000
00000000000000000000000000000000000000000000000000
0200000000000000000000000000C00000004000000E000000
00000000000000000000000000000000000000000000000000
00000000000000000000000000000000000000000000000000
00000000000000000000000000000000A00030000000000000
000000000000000000000E0000000000000000000000000020
000000000000000000000000000000000004000000000C0000
40000000000000000000000000000000000000000000000000
000000000000000F0000002000E00000000000000000000000
30000000000000000000000000000000000200000000000000
00000100040000000000000000000C000000000000000H0000
00000000000000000000004000000000000000000000000000
00000000000000000000000000000000000000000040000000
0000H000000000000000000000000B00000000000000030300
00000000000000000000000000000002000000000000000000
00000000000000000000000000000000040000000000000000
00000000000000000000000000000000000000000000000000
00001000000000000200000000000000000H00000000000000
00100000000000000200000E00000000000000000000002000
00000000000000000000000000200000000000000000030000
0000000002000000000000000000000000000B000000000002
04004000000000000000000000000000000000000000000000
02000000003000000000000000000000000000000000000000
00000000000000000000000000000000000000000000000000
00F12000000000000000000000000000000000000000000000
00000000000000000000000000000000000000000000000000
00000000000000000000000000000000000000000000000000
000000000000000000000000000000000000000000000000H0
00400000000000000000000000060000000000000000000000
40000000000000000000000000000000A00000000000004000
00000000000000000000002000000000000000000000000002
40000000E00000000000000000000000000000000000000000
00000000000000000001000000000000000000000000000000
00000000000000000000000000000000H0000000F000000000
00000000000000000A00000000000000000000000000000200
0F0000200000000000000000000000000000000000F0080000
0000000000000000000000000000000000000E000000000000
00000000000000000000000300400200000003001000000031
02003000002000000000000400000000000000000000003100
97788839599475986888992299584567437304609918882436
