000010000000000000000100400000000304000000CC000000
10002000000004000000000000030300028000000000000000
0400000000100000000000000005000B000000200000000000
000010000000000000000003000000000400E0000000000000
0020000000000000003000000000000000300000000000000A
000000000003020000000000000000000000000000000F0000
00300002000000000000000000000000000000000000000000
00000000000030004000000004000000000000000000000000
00014000000002000000000000000000000000000000000000
30000000000000004000000000000000000000000000000000
00600003000000000000000000000000000000000000000000
00000000000000000020000000000000000000000000000000
00220000A004000000000000000000002000000A0000000B00
00000000000B00000000000000000000000100000000000000
00000000000000000000000000000000000000000000000000
10000000000000000000040300000000000000000000000000
040000320000000000000000000000000000000B0000000000
00002000000000000030000000000000000000000000400000
000800300000000000000000000000A0000000000000000000
00000034000000000000000000000000000000000000003000
000000000000000000000B0000000000000000000000000000
00420000000500000000000000000000000000000000000000
00000200000004000000000000000000000000000000020000
0000000000000000000A000000000000000000400000000000
00001000000000000000000000000300000000000000000000
100000000003000000B0000000000000000000000000A00000
00000000000000000000000000000000300000000000000000
00000000000000000000000200200000000000000000000000
00000000000000000400000000000000000000000000000000
03000000000000000000000000000000000000000010000000
00000000000000000000000000000000000000000030000000
00000000000000000000000000000000000032000000000000
00000003000000040000000000000000000000000200000000
00000000000000000002000000000000000000000000000000
00000000000000000000000000000000000100000000000000
00000000000000000000000000C00000000000200000000000
00000000020000000000000000000000000000002000000020
00000000000000000000000000000000000000000000000000
00000000004000000000000000000000000000000000000000
01400100000000000000000000000000024000000000200000
00000000000000000000400000000000000000000000002003
00030100004000000000000000000000000000200000000001
00000000000000000000000000000000000020000000000000
00000000000000000000000000303000000300000000000000
00000000000000000000000000000000000000000000000000
00000000000000000000000000000000000000000000000000
00000000000000000000020003000300003002004000000102
0010010000200000000000000000000000000000000000402C
00000100000000000010000000000000000000000004000000
35646504086134116410101007000504352100340010400104
