20000000020001000000000000000000000010000001200000
00000000000000200000000200000000000300000000000000
20010000000200000000020300000000000000000000000000
21200010000000000200000004000000000000000000000000
00040000000004200000000000000040000000000000000000
010020000001000000000000C0000500000000000000000000
20040010000040000000000000000000000000000000000000
00000000000000040000020000000000000000000000000000
00000000002032300410000000000000000100001000403000
010003402000034A0000100000000000000000000000000400
00000420000000000000000000000000000000000000000000
00100000070040100000000000000000030000000000000000
01001003000010000000000000000000000000000000000000
004100000000E0100000000000000000000000000000000000
02000000030000000000000000000000000006000000000000
00400000F0000000B000000000000000000000030000000000
000020000000000000F0000000000000000000000000000000
00040400000000000000000000000000000000000000000000
00000010000400000000000000000000000000000000000000
00000000000000000000020000000000000000000000000000
00000000000000000000000000000000000000000000000000
02000000000100000000000000000000000000000000000000
000E0000000000000000000000000000000000000000000000
00000000000000000000000000000000000000000000000000
00000000002000000000000003000000000000000000000000
00000000000000000000000002000000000000000000000000
00040000000000000000000000000000000000000000000000
00000000000000000000000000000000000C00000000000000
00000000000000000000000000000000000000000000000000
004300000000000020000000A0000000000000000000000000
000000000000000000000000000000000000010000000000A0
00000000000000000000000000000000000000000000000000
00000000000000000000000000000000000000000000000000
20000000000000000300000000000030000000000000000000
000000000000000000000000000000000000G0000000000000
00031000000000000000000000000000000000000000000C00
01000000000000000000000000000000000000000000000000
03000000000000000000000000000000000000000000000084
00000100030000000000000000000000000000000000000234
02000000000000000030000000000000000000000400000000
21000007000000000000000000000000B02000007000000002
10000040000000103000000000000000000000000000053000
0000000000000000000000000000000000000A0000A0240222
400003003000050000000000000030000000C0000013010203
00002000000001000000000000000000000B00000000410305
040000000002000000002000000000000B0000000000304000
000000000021000000000000000000000000000C0004006000
00200000000200000000000000000000000000000000016300
04002404000020000000000000000000000000000001002330
77668807087265626743972117044560314000004218770104
