2000000000000100000000000000000000000B000000000000
00000000000000000000000000000000000000000000000000
2001000000000000000000000000000000000000000A000000
20000000000000000000000000E00000200000000000000000
00000000000000000000000000000000000000000200000000
00000000000000000000000000003000000000000000000000
0000000E000000000000000000000000000000000000000000
00000000000000040000000000000200000000000000000000
00000003000030300000000000000000000000000000000000
00000300000003000000100000000003000000000000000000
0000000000000000000000000000000000000000000000000A
00000000000000000000000000000000000000000430000000
01000003000010000000000000000000000000000000000003
00010000000000000000000000000000000000000000000000
0000000000000000000000040000000000000000B000000000
00000000000000000000000000000000000000000000000001
000000000000000000000000000A0102000000000000200203
000000000000000000000000000000000000000B0000000004
00002000000000000000000000000000000000000000053000
000000000000002000000000000000000000000000000000A0
0000000000000000000000000000000000B000000000000200
0000000000F0C00000F0000000000000000000000000000040
00000000000000000000000000304000000010000100000000
00000000000000000000000001000800100000000000000000
00000000000000000000000000200300020420003000010000
000000000000000000C000000000002000003005002000F000
000000000000000000000000000100E0001030000000000000
00000000000000000000000000000000000000040000000005
00000000000000000000000000000000020000000004000020
00000000000000000000000000037000000040005000400000
00000000000000000000000000030020001300000301000000
00000000000000000000000000302044060110010000001002
00000000000000000000000030044000000040000000000000
00000000000000000000000000001004101420003100000300
00000000000000000000004000300000100020400000001030
00030000000000000000001010124000000000034000000240
00000000000000000000100002203010200000003430000400
00000040000000000000000000000000000034330004300044
00000000000000000000004000109000000110005000002231
00000000000000000001004020000000000000030040001000
01000000000000000000002400020000000000007000000002
0000000000000A000000001030000300000000230400043000
000000000A0000000000030020402040200300400000100222
00000000000A05000000003000023300770000703013000203
00000000100000000030001000000000000003003020010305
0B000000000000C00000440034030000041000130100304000
00000000000100000001000000001000030003340000006000
00200000000200000260000006002701001010006000016300
04000000000000020B00000140002010001304020001002030
77668807087234626713572107040560314000000218770100
