00000300000000000000000000000000000000000200200000
00000000000000000000000200000000000000000100000000
0000000000000000000000000000000000000E003000000000
00000000000000000000004000000031000000000000000000
0000000E000000000000000000000300000000000200000000
00G00000000300000000000002000300000000000000000002
00000000000003000000000000000000300000000000000000
00000000000000000000000000000000000000000000004000
00020000000000002000000000E00000000000000000000000
0004000000000000000000000010D000000020004000000000
000000000000000000000000000000000000000E0000000000
02000000000000000000000000000000000040000000000000
00000000000000000000000000000000000000000000000000
00000000000000000000000000000000000000000000000000
00000000000000000000000000000000A00030000000000000
000000000000000F0000000000000000000000000000000020
00000000000000000000000000000000000400000000000000
43000000000000000000000000000000000000000000000000
0000000000000000000020200000C000000000000000000000
30200000000000000000000000000000000200000000000000
00000100040000000000000000000E00000000000000000030
0000000000000000000000400000000000000000000000D000
00000000000000000000000000000000002000000040000000
00000000000000000000000000000000000000000000030300
00000000000000000000000000000002000000000000000000
H0000000000000000000000000000000000000000000000000
00000000000000000000000000000000H00000000000000000
00001000000000000202000000000000000000000000000000
00100000000000000200000000000010000000000000002000
0000000000000000000000000020000000000B000000030000
00F000000200000000000E0000000000000000000000000002
04004000000000000000000000000000000000000000000000
02000000003000000000000000000000000000000000000300
00000000000000000000000000000000000000000000000000
00002000000000000000000000000000000000000000000000
00000000000000000000000000000000000000000000000000
00000000000000000000000000000000000000000000000000
00000000000000000000000000000000000000000000000H00
00400000000000000000000000060000000000000000000000
400000000000000000000000000000A0000000000000004000
00000000000000000000002000000000000000000000000002
400000000000000000A0000000000000000000000000000000
00000000000000000000000000000000000000000000000000
000000000D0000004000000000000000000000000000000000
00000000000000000000000000000000000000000000000200
0000002000000000000000000000000H000000000000080000
0000000000000000000000000000000000000E000000000000
0000000000000000030000040040020000000300F000000031
0F003000002000000000000400000000000000000000003100
97788839599475986888992299584567437304609918882436
