00000030000000000000004010000000004004400001000030
00000000000000000400000003000000001000000000020330
00000000000000000000000000000000000062014000000001
02001040002000000000000000000000110000000400000000
02000000000000000000000000000000220000000104400010
00200000000030000214003400003000400000202000100000
00000000000000000000000000200040000000000000400004
00003000000000000000000000000000400000000003003030
00000000000000000000000000040000010000000000002000
0000000010000000200000000000000000200000F000000400
00000000000000000000000000300000000001000000000000
0000100000000000000A000000000000002040021000400033
00030000000000000000000033000033000000003014000020
00003000000020000001000000000000000000000001000001
00210000030000000000000000000000000000500330000000
20020000000000000000000000000220033038000000000100
30000003000000000000200000000000000000020004030203
03010000300000010000050000000300033002000003000151
40000010000300000002002000000200000000000000333000
000004400A0000000000000002000000000320004330403000
10030044000000003000000000000000000000001400000200
00000130000000000000000000000003000000008000300040
00000000000000000000000000304002100001030120000000
00000040300100000300310001000500000000000000010050
00401040000000001000000000200300000420003001010000
40300000000010000000000010000020400030050000000000
01000100004003011040004000010030201030000000000000
00000000002200040000020000000003000000000000000005
00405000060200000010000000000000000000000004000020
0000300000000000F001000000033000000020005000400000
00000303030000000000044000030000001300000001000000
00008000000300000000000000300044040110000000001002
05001000000000000000000030044000000000000000000000
04000000000000300040000000001004101420000100000300
0354000000B000000000002000300000100020400000001030
00040000000000100000000010024000000000030000000240
03000000004003010000100002003010200000003430000400
03002600000024020000000000000000000034330004300004
11001000000030003020400000106000000110005000000231
00300003000000000001104020000000000000030040001000
00000710000000140100002400020000000000007000000000
01300003010020000030001030000300000000030400043000
00110020100000000000000020402040200300400000100222
00000000004005100000003000023000470000702013000201
00002030104043030030001000000000000000003020000005
00100000000000440000440004030000001000030100304000
00030000000040000000000000001000030003300000006000
03300000000202020030000006002601001000005000012300
00000000000000120000000140002010001300020001000030
77668807087234626713572107040560314000000218770100
