0000000005040000000000000000000000000000000D000000
000000000100000000000040000000H0000000000000000000
0C0000000H0000000000000000000000000000000000000000
0000000000H0000000000000030000D0001000000000000000
00000000000000000000000000000000000000000000000000
00000000000000000000000000200000000000000000000000
00000030000000000000000000000000000000000000000000
00000000000000000000000000000000000000000000000000
00000000000000000000000000000000000000000000000000
00000000000000000000000000400000000000000000000000
000000000000000000000000000000000000000F0000000000
0000J000000004000000000000000000000000000000000200
0000000000000000000000020000A000000000000000000000
00000000000000000000000040000000000000000000000000
0000F000000000000000000000040000000000000000000000
00000000000000000000000000040000000000000000000000
00000000000000000000000000000000000000000000000000
0000000000000000001000000400000000000000E00000F000
00000000000000000000000030002000000000000000000000
00030000000000000000000000000000000000000000000000
00000000000100000000000000000000000000000000000000
00000000000000010000002000000200000000000000000000
00000000000000000000000000000000000000000000000003
00000000000000E0000000000000000000000000000000H000
000000000000000000000B00000004000000000000000000G0
00000000040000000000000000000000000000000300000H00
00000000000000000000000000000000000000000000000000
00000000000000000000000000000000000000000000000000
00000000000000000000000000000000000000000000000000
00000000000000000010C00000000000000000000000000000
000000000000000000000000000000000000000000H0000000
00000000000000000000000000000000000000000000000000
00000000000000000000003000000000000000000000000000
00000000000000000000000000000200000000000000000000
000000000000000200000E0000000000000000000000000000
00000000000000000000000000000000000000000000000000
00000000001000000000000000000000000000000000000000
00000030000000000000000000000000000000000000000000
00000000000003000000000000000000000003000000000000
00000000000000000000000004000000000000000000000000
00000000000000000000000000000000000000000000000000
00004000000000000000000000200000000000000000000000
00000000000000000000004000000000000000000000000000
00000000000000000000000000000000000000000000000000
0032000H000000000000000000J00000002000000000000000
00000000000000000000000020000004000000001000040000
00000000000000000000000000000000000000000000000000
00000000000000000000000000000000000000000000000001
00000000G02000000000000000000000000000000000000000
97788839597475986888992299584567437304609918882436
