00000000000000000000000000000000000000000000000032
03000000003000000400000000000000000000340000000004
40000022000000000000000000000000000000000000053000
00000000000000000240000000000000000000000000000000
00000000200000000000000000000000000000000000000000
00000000000000000000000000000000000000000000303000
00000000000000000000000000000000000000000000400000
000000000000000400000000000000000A0000000000000000
00070000000000000000000000000000000000000001300000
00000000000000000001000000000000000000030003001000
00004003000000000000000000000000400100000000100000
00000000000000000000000000F00000000003000050100000
00000000000000004000000000020000000000003004200030
10000000000000000000000000000000000000043000000010
00000000010100000001000000000100A00000000000000210
00000003000000000000000000000000000000000000000000
20200000000000000000000000000000000000000000004000
00000000000000000000000000400000000000000001000000
00000000030000000000000000000000000000000004000000
00000000000010000000000000000000000000000000000000
002B00A000000000000000000A000000000010000000000000
00000000030000000000000010000000000000000000000000
030000400000000000004300000000000000000000002B0003
00000020000000000000000000000000000000000000000000
00000000020000000000000004000000000000000300000000
000003060010000000000000000B0000400000000000000000
000003000001000000080000100000000000000000C0000000
00000000100000000000400004000000000000000000000000
013000300030000303000000A1000000000000000000000000
00004010000000000040000000000000000000004000000000
0003000000300000000000000000000000000000000C000000
00000300000000040000000000000000000000000000000000
00003000006000000010000000000000000000000000000000
00000001000000000004000000000300000000000000000002
00000200000000000000300000000000000000000000000000
00000100000004000100000000000000000000000000000000
00000000000020010000010000000000000000000000000300
00000000000020100000000200030000000000000000000200
02000000000000000400000000040000000000000000000000
0202000000010B000000000000000000000000000000000000
00400000000000000001000000000000000040000000000000
00000000000000000001000000000000000000000040000001
000000000A0000000000000000000000000000000000000000
03000000040300000000000000000000000000000000000000
00000000000001000000000000000000000000000020000000
00000000000000000000000000000000000000000000000000
10000000000020010000000000000100000000100000000000
000000200400000000400000000000000000030000000000B0
02030340000300000000000000000000000001014002000021
77668504087134516710172007000500004000000214770100
