000000000000000000000000000000J0004000000000000000
00000000000000000000000000000000000000000000000003
00000020000004000000000000000000000000000020000000
00000000000000000000000000040000000000000000000000
00000000300000000040000000000000000000000000000000
00000000000000000000000000000000000000000000000000
00000000000000000000000000000000000000000000000000
00000030000000000000000000000000000000000000000000
000000000000000I000000000400000000000000K000000000
40000000000000000000000000000000000000000000000D00
00000000000000000000000000000000400000000000000000
00000000000000000000000000000000000000000000000000
00000000000000000000000004000003000000040000000000
0000000000000000000000004000000000000J000000000000
00000004000000000000000000000000000000000000000000
000000000000L00000000000K00000100000000000000000H0
00P00000000000000000000000000100000000000000000000
00000000000000000000000000000100000000000000000000
00000000000000000010000000000000000000000000000000
00000000K00000000000000000034000000000000002000000
00000000000000000000000000000000000000000000000000
00000000000000000000000002000200004000000000000000
00000001000000000000000000000000200000000040000000
00000000000000000000000000000000000000400000000000
00000000000000000000000000000000000000000000000000
00000000000000000000000000000000000000304000000003
00000000000000000000000000000000000000000000000000
03000000000000000000000000000000000002000000000000
00000000000000000000000000000000000000000000000000
03000000000000000030000000000000000000000000000000
00000000000000400000000000000000000000000000000000
00000000000000000000000000000000000000000400000000
00000000000000000000030000200001000000000000000000
0000000020000000G00000000S000000000000000020000000
00000000030000000000000000000000000000000000000000
00000000000000000000000000000000000000000000000000
000000000000000000000000000000000000000000000K0000
00000000000000000000000000000000000000000000000000
000000000000020000000000000000000000000000000L0000
00000000000000001000000000000000000000000K00000000
00000000000000000000000000002000000000000000000000
00000000000000000000000000004000000000000000000000
00000000300000000000000000000000000000000000000000
00000000000000000000000I00000000000000000000000040
00000000000000000000000000000000000000000000000000
00000000000000000000000000000000200000000000000000
000000000000000000000000000000003000400L00D0000000
0000000000000000000000L000000000000000000000000000
0000000000000N000000000000000000000000000000000000
99988879599999998898998699788897549395609948899636
