20000000000001000000000000000000000000000000000000
00000000000000000000000000000E40000000000000000000
20010000000000000000000000000000000000000000000000
20000000000000000000000000000000200000000000000000
00040000000002000000000000000000000000000200000000
00000000000000000000000000003000000000000000000000
00000000000000000000000000000000000000000000000000
00000000000000040000000000000200000000000000000000
0000000E002032300000000000000000000000000000000000
000003000000030000001000000000040000B0000000000000
00000000000000000000000000000000000000000000000000
00000000000000000000000000000000000000000430000000
01000003000010004000000000000000000000000000000000
0001000000000000000000000000000000000000000000A000
00000000000000000000000400000000000000000000000000
00000000000000000000000300000D00000001000000000001
00000000000000000000000000000102000000000000200203
00000400000004000000000000000000000000000000000004
000020100000000000000000000000001000000000000530A0
00000000000000200000000000000000000000000000000000
0000000000000C000000000000000000000000000000000200
0000000000000000000000000000000000B000000000000040
0000000000000F000000000000304000000010000100000000
00000000000000000000000001030800100000B00000000000
00000000000000000000000000200E000204200030000100F0
00000000000000000000000000000020000030050020000000
00000000000000000000400000010000001030000000000000
00000000000000000000000000000000000000040000000005
00000000000000000000000000000000020000000004000020
00000000004000000000000000037000000040005000400000
00000000000000000000000000030020001300000301000000
00000000000000000000000000302044060120010000001002
00000000000000000000000030044000000040000000000000
00000000000000000000000000001004101420003100000300
00000000000300000000004000310000100020400000001030
00030000000000000000001010124000000000034000000440
00000000000000000000100002206010200000003430000400
0000004000000A000000000000000000000034330004300044
00000030000000000000004000109000400110005000002231
00000000000000000001004020000000000000030040001000
01000003000000000000002400020000000000007000000002
00000000000000000000001030000300000000230400043000
000000000A0000000000030020402040200300400000100222
00000000000005000000003000023300770000703013000203
00002000000000000030001000000000000003003020010305
00000000000000000000440034030000041000130100304000
0B000000000100000000000000001000030003340000006000
002000000002000000B0000006002701001010006000016300
0400000000000002C000000140002010001304020001002030
77668807087234626713972107044560314000004218770100
