00400000000000000000000000000I00040000000000000000
00000000000000000000000000400000010000000000000000
00000000000000000000000000004000000000000000000000
00000000000000000000000000001000000000000000000000
00000000000000000000000000000000000000000000000000
00030000000000000000000000000000000000000004000000
00000300000000000000000L00000000000000010000000000
00000000000000000000000000000000000000000000000000
00000000000200040000000000000000000000000000000000
00000000000000000004000000000000000000004000000000
00000000000000000000000000001000000000000000040000
00000000000000000000000000000000000000000000000000
0000D000000000000000000000000000000000000000000200
00000000000000000000000000000000000000010000000300
00000000000000000000000000000000000000000000000000
00000000000040000000000000000000E00000000000000000
00000000000000000000000000000000000100000000000000
0000000000000000000000000I000100000000000000000000
00000000000000000000000000000F00000000000000000000
60000000000000000000000003000000000000000000000000
00000000000000000000000000000000000000000000000002
00000000000000000000000H030000000000000B0000F00000
04000000000000000000000000000000000000000000000000
00000000000000000000000000000000000000000000000000
00000000000000000000000000000000000000000000000000
00002000000003000000000000000100000000002000003000
00000000000000000000000030020000000000000000000000
00001000000000000000000000000000000000100000000000
0000000000000100000000000004000000004E000000030000
000000000H0000000000H00000000000200000000000000000
00000000000000000000000000000000000000002000000000
00000000000000000000010000000000000000000000000000
00000200000000000000000000000000000004000000000000
00000000000000000000000000000000000000000000000000
00000000000000000000000020000000000000000000000000
00000000000000200000000000003000000000000000010030
000C00000H0000000000000000300000000000000000100000
000000000000002000F0000000000000000000000000000000
00001000000000000000000000000000004000000000000000
00000000000000000000000000000000000000000000000000
30000000000000000000000000000000000000000000000000
00000000000000000000000600000000000000000400000000
00000000J00000100000000000210000000000000000000000
00000000000030000000000000000020000000001000000000
000000000000000000E0000000000000000000004000000000
00400000000100000000000000000000000000000000004030
00000000000000000003000000000000100000000000000040
00000I00400000000000000000000000000000000000000000
00000000000000000000000000000000000000000400000000
99888839599475988888996399785677549304609918882436
