00000000000000030000000000000000000000000020000000
E0000000000000000000000000000000000000000000000000
0000000000000400000000H000000000000000000000000000
00000000000000000000000000000000000000000000000000
0000000000000040000000000G0000000000F0000000000000
00000000000000000000000000000000000000000000000000
00000000000000000000000000000230000000000000000000
04000000K00000000000000000000000000000000000000000
00000000001000000000000000000000000000000000004000
00000000000000000000000000000000030000000000000000
0000C000001000000000000000000000000000000000000000
00000000000000000000000000000000000000000000000000
0000000000000000000000000000000000000000000000D000
0000000000000000000000B000000000010000000000000000
00000000000000000000000002000000000000000000000000
00000000000000000000000000000000000000000000000000
00000000000000000000000000000000030000000000000002
00000000000000000000000000000000010000000000F00000
13010000000000030000000000000000000000000000000001
00000000000000000000000000000000230000000000000000
00000000000000000000000000000000020004000000000000
F0000000000000000000000000000000000000003000000100
01000000000000000000000000000000000000000000000000
0000000000000000000000000000000000000000000G000000
00000000000000200000000000000000010000000000000000
0001400000E000000000000000400000000000000000000000
00000000000000000000000000000000000000000000000000
00002000000000000000000000003000000000000000000000
00000000000000000000000002000000000000000000000000
00000040000000000000000023000000000000000000000000
0000000000000000000000000000000001000000000000L000
00400000000400000000000000000000000000000000000000
00000000000000000000000000000000000000000000000000
000000000000000000G0000000000000000000000000000000
00000000000000000000000000000000400000000000000000
00003000000000000000000000000000000000000000000300
00000000000400000000000000000000000000000000000010
00002000000000000001000000000000000000000000000000
00000000000000000000000000000000000000000000000000
00000000000000000000000000000000000000000000000000
00000000000000000000000000000000000000000000000B00
00000000000000000000000000000000000000000000000000
30000000000000000000000000000000000000000000004000
000000E0000000000000000000000040000000G00000000000
00000000002300010000000000000000000000000000000000
00000000000000000000000000000000000000000000020000
0000000000000000000000I000000000000000000000000000
00000000000000000000000000000000000000000000000000
00000000000000000000000000000000000000000000000000
99888879599675988888998399785677549395609918889636
