00000000000000030000000000000000000000001020000000
00000000000000000000000000000000000000000000000000
00000000000004000000000000000000000000000000000000
E0000000000000000000000000000000000000000000000001
00000000000000400000000000000000000000000000000000
00000003000000000020000000000000000000000000000000
000000000000000000030000000002G0000000000000001000
04000000000000000000000000000040000000000000000000
00000000000000000000000000000000000000000000004000
0000000C0000K0000300000000000000033000000000000000
00000000000000000000000000000000000000000000000000
00000000000000000330000000000000000000000000000000
00000000000000000000000000000000000000000000000000
00000000000000000000000000000000010000000020000000
00000000000000000000000002000000000000000000000000
00000000000000000000000000000000000000000000000000
00000000000000000000000000000000030000000000000002
00000000000000000000000000004000010000000000000000
13010000000000030000B00000000000000000000000000001
00000000000000000000000000000000230000000000000000
00000000000000000000000000000000020004000003000000
00000000000000000000000000000000400010003000000100
01F40000001000000000000000000000000000000000000000
00000000000000000000000000000000000000000000000000
00000000000000200000000000000000010000000000000000
000140000000000000000000004000000000000000000D0000
00000000000000000000000000000000000000000000000000
000020000000000000000000000030000000000000000L0000
00000000000000000000000002000000000000000000000000
00000040000000040000000023000000000000000000000000
00000000000000000000000000000000010000000000000000
00400000000400000000000000000000000000000000000000
00000000000000000000000000000004000000000000000000
00000000000000000000000000200000000400000000000000
00000000000000000000000000000000400000000000000000
00003000000030000000000000000000000000000000000300
0000000000040000000000G000000000000000000000000010
00002000000000000000000000000000000000000000000000
00000000000000000000000000000030000200000000000000
00000000000000000000000000001000000000000000400000
00000000000000000000000000000000000000000000000000
00000000000000000000000000020000000000000000000000
30000000000000000000000000000000000000000000000000
0000000000000000000000000000004400000000000000000B
000E000000230001000000000I00000000000000G000000000
00000000030000000000000000000000000000000000020000
00000000000000000000000000000000000000000000000000
00000000000000000000000000000000000000000000000000
00000000000000004000000000000000000000200000000000
99888879599675988888998399785677549395609918889636
