00000000000000000000000000000000000000000000000032
030000000030000000000000000000000000C0340000000004
40000A22000000000000000000000000000000000000053000
00000000000000000240000000000000000000000000000000
00000000200000000000000000000000000000000000000000
00000000000000000000000000000000000000000000303000
00000000000000000000000000000000000000000000400000
00000000000000000000000000000000000000000000000000
00070000000000000000000F0000000000000A000001300000
00000000000000000000000000000000000000030003000000
0000400300000000000000000000000D400100000000100000
00000000000000000000000000000000000003000050100000
00000000000000004000000000020000000000003004000030
10000000000000000000000000000000000000003000000010
00000000010000000001000000000100000000000000000010
00000000000000000000000000000000000000000000000000
20200A000000000000000000000000000A0000000000000000
00000000000000000000000000400000000000000001000000
00000000030000000000000000000000000000000004000000
00000003000000000000000000000B00000000000000000000
00230000000000000000000000000000000A10000000000000
B0000000030000000000000010000000000000000000000000
03000040000000000000000000000000000000000000000003
000000200000000000000000000000000000000000B0000000
00000000020000000000000000000000000000000000000000
000003060010000000000000A0000000000000000000000000
00000300000100000004000010000000000000000000000000
00000000100000000000400000000000000000000000000000
013000300030000303000000010000000000000000C0000000
00004010000000000040000A00000000000000000000000000
00030000003000000000000000000000000000000000000000
00000300000000040000000000000000000000000000000000
00003000006000000010000000000000000000000000000000
000000010000000000040000000000000000000000000000C2
00000200000000000000300000000000000000000000000000
00000100000004000000000000000000000000000000000000
00000000000020010000010000000000000000000000000300
00000000000020100000000000000000000000000000000200
02000000000000000400000000040000000000000000000000
02020000A00100B00000000A00000000000000000000000000
00400000020000000001000000000000000040000000000000
00000000000000000001000000000000000000000040000001
00000000000000000000000000000000000000000000000000
03000000040000000000000D00000000000000000000000000
00000000000001000000000000000000000000000020000000
00000000000000000000000000000000000000000000000300
1000000000000001000000000000000000000000000000B010
00000020040000000040000000000000000003000000000000
02030340000300000000000000000000000001014002000001
77668504087134516710132007000500004000000214770100
