00001000000000000000010040200000030400000000000000
10002000000004000000000000030300028000000000000000
0400000000100000000000000005000B000000200000000000
00001000000000000000000300000000040030000000000000
0020000000000000003000000000030000E0000000000F0000
0000000000030200000000000000000000000000000000A000
00300002000000000000000000000000000000000000000000
00000000000030004000000004000000000000000000000000
00014000000002000000000000000000000000100000000000
30000000000000004000000000000000000000000000000000
00600003000000000000000000000000000000000000000000
00000000000000000020000000000000000000000000000000
002200000000B0000000000000000000200000000000000000
000000000000A0000000000000000000000100000000000B00
0000000000000000000000000000000000000B000000000000
10000000000000000000040300000000000000000000000000
04000032000000000000000000000000000000000000000000
00002000000000000030000000000000000000A00000400000
00080030000000000000000000000002001000000000000000
00000034000000000000000000000000000000000000003000
0000000000000000000000D000000000000000000000000000
00420000000500000000000000000000000000000000000000
0000020000000400A000000000000000000000000000020000
00000000000000000000000000000000000000400000000000
00001000000000000000000000000300000000000000000000
10000000000300000000000000000000000000000000000000
00000000000000000000000000000000300000000000000000
00000000000000000000000200200000000000000000A00000
00000000000000000400000000000000000000000000000000
03000000003000000000000000000000000000000010000000
00000000000000004000000000000000000000600030000000
00000000000000000000000000000000000032000000000000
00000003000000040020000000000000000000000200000000
00000030000000000202000000000000000000000000000000
00000000000000000000000000000000000100000000000000
00000000000000000000000000000000000000200000400000
000000000200000000000000000C0000000000002000000020
00000000000000000000000000000000000000100000000000
00000000304000000000000000000000000000000000000000
01400100000000000000000000000000024000000000200000
00001000000000000000400000000000000000000000002003
00030100004000000000000000000000000000200000000001
00000000000000000000000000000000000020000000000000
00000000000000000000000000303000000300000000000000
00000000000000000000000000000000000000000000000000
00000000000000000000000000000000000000000000000000
00000000000000000000020003000300033002004000000102
00100100002000000000000000000000000000000000004020
00000100000000000010000000000000000000000004000000
3564650408613411641010100700050435210054001040010C
