00000000000000000000000000000000000000000000000000
00000000000000000000000000000000000000000000000000
00E0D000000010000000000000000000000000030000000000
0000000000000000F001000000000000000000000000004000
00000400000000000000000000000000002000000000000000
00000000000000000000000000000000000001000000000000
00000000000000000000000000000000000000000000000000
00000004000000000000000000000000030000000100000000
00000000000400000000000000000000000000000001000000
00000000000000000000000000000000200000000000000000
00000000000000000000000000000000000000000000000000
00000000000000000000000000000000000000000000000000
00000000000404000000000000000000000000000000000000
00000000000000000000000000000000000000000000000000
00000000000000000000000000000002000000000000000000
00000000000000000000000000000000000000400000000001
00000000000000000000000000000000004001000000200000
000000F0000000000000000000000000000000000000000000
00000000000002000000000000000000000000000000010020
00000000000000000000000000000000000000000300000000
00000000000000000000000000000004000000000104000000
00000000000000000000000000000000000000000000000000
00000000000000000000400020000000000000000000000000
00000000000000000000000000000040000000000001000000
00000000000C00000000000000000000000000040000000000
00000000000002000000000000000000000000000000000000
00000000000000004000000040000000000000100000000000
00000000000000000000000000000300000000000000000000
0A000000000010000000004000000000000000000000000000
00000000000000000000000000000000000000000000000000
00000000000000000000000010000000000000000000000000
004000000003000000000000000400060000A0010000000000
00000000000000000000000000000000000000000000000100
000000000F0000000000000000000030000000020000000000
00004000000000000000000000000010000000000000000000
00B00000000000000000000000000000000000000000000000
00000000000000000000000000000000000000000000000000
00110000000000000000000030000000000000000000000000
000000000E0000000000000000000000G00000000000000004
6000000000000020E000000000000000000000000000000404
00010000000000000000000001000000000000000000000020
50000000000001000004020000000000000000000000001000
40000000000004000000000000000000000400000000003401
04000020000001030040000I000B0000030000000000000000
00020000000000040000000020000000300000000000000002
003600027000000004000000000000000000B0000000000000
400010702000030000000000000010000000000B0000000000
05404001405J0000000000100000000G000000000000000102
30000002000040000000000000000000000000000000000000
97768838397475946888982299344564434004009918882436
