00000300000000000000000000000000000000000200200000
00000000E00000000000000200000000000000000100000000
00000000000000000000000000001000000000003000000000
00000000000000000000004000002031000000000000000000
000000000000000000000000000003000000000E0200000000
00000000000300000000000002000300000000000000000002
00000000000003000000000000000000300000000000000000
00000010000000000000000000000000000000000000004000
000200000000000020000000000E0000000000000000000000
00040000000000000000000000000000000020E00000000000
00000000000000000000000000000000000000000000000000
02000000000000000000000000000000000040000000000200
00000000000000000000100000000000000000000000000000
00000000000000000000000000000000000000000000000000
00000000000000000000000000000000000030000000000000
00200000000000000000000000000000000000000000000020
010000000000000000000F0000000000000400000000000000
43000000000200000000000000000000000000000300000000
0000000000000000000020200000000A000000000000000000
30200000000000000000000000000000000200000000000000
00300100040000000000000000000000000000000000000030
00000000000000000003004000000000000000000000000000
00000000000000000000000000000E00002000000040000000
00000000000000000000000000000000300000000000030300
00000000000000000000000040000002000000000000000000
00000030000000000000000000000000000004000000000000
00000000000000000000000000000000000000000000000000
0000100000000000E002000000000000000000000000000000
10100000000000000100000000000000000000000000002000
00000000000000000000000000200000000000000000030000
F0000004020000000000010000000H00000000000000000002
00004000000000000000000000000000000000000000001000
02000120003000000000000000000000000000000000000300
0000000000000000000000000000000000000000000000000H
00002000000000000000000000000000000000000000000000
00000000000000000000000000000000000000000000000000
00000000000000000000000000000000000000400000000000
000000000000000000000000000A0000000000000000000000
00400000000000000000000000060000000000000000000000
40000000000000000000000000001000000000000000004000
00000000000000000000004000000000000000000201000002
40000000000000000000000000000000000000000000000000
00000300000000000000000000000H00000000000000000000
00000000000000004000000000000000000000000000000000
00000000000000000000000000000000000000000000000200
0000002000000000000A000000000000000000000000080000
000000000000000000000000010000000000000000000F0000
F0000000000000000300000400400200000000000000000031
000030000020000000000004000000000000E0000000003100
97788839599475986888992299584567437304609918882436
