00000000000000000000000000000000000000000000000010
00200000000000000004000000000000000000000000000C00
00000000200000000300000000000000001000000000000300
00000000000000000000000000000000000000000000000000
20000000000000000002000000H00000000000000000000000
0000000200000000000000000000000000000000000000E053
00000000000000000000000000000000000000000000000000
00000000000000000000000000000000000000000000000000
00000000000003000000000000000000000000000030000000
00000000000000000000000000000002000000000000000000
00000000000000000000000000000000000000000A00000004
00000000000000010000000100000000000000300000000010
00000000000000000000000000000000000000000000003004
000000020000000000000000D0000000000000000000000020
00000000000000000000000000000000000000000000003002
00400000000000000000000000000000000000000000400000
00000000000000000000000000000000000000000000000004
00000000000000000400000000000000000000000000000000
00000000000000000000000000000000000000030000004200
04000000000004000000000000000000000000000000000000
00000000000000000000000000000000000000000000000000
00000000000000000000000000000000000000000000000000
0000000000000000000000000000200CI00000000000000001
00000000000004000000000000000000000003000000000000
00000000000000000000002000000000000000000000000000
00000000000000000G00000000000000330000000000000000
000000000000000000000000F0000000000000400000004000
00000000200000000000000020000000000000000000100000
00000000000000000000000000000000000000000040040000
00000002000000000010000000000000000000000002000000
00000000000000000000000000000000000000000000000000
00000E00000000000000030003000000000G00000000040000
00000000000000000000000000000000000000000000000000
00000000000000000000000000000200000000000000000001
00000000000000000000000000000000004000000000000000
000000000000000G0000000000000000000010000000000000
00000000000000000000000000000020000000000000000000
0000000F000000000000000000000000000004000000000000
000000C0000000020000000340000000000000000004000000
00000000000010000010000000002000000000000000000000
00000000000000000010000000000000000000000000000000
00000000000000000004000000000000000300000000000000
00000000000000000000000000000000000000000000000000
0000000000000000000E000000000000000001000000000000
0A000000000000000000000000000000000000000000000000
000C0000005000440000000000000000030000000000000000
000000020000G0000000100000000000000000030000000000
00000000000000000C00000000000000000000000000000000
00000000000000000000000000000000000000000000000020
99788839599475986888996399585677447304609918882436
