20000000020001000000000000000000000010000001200000
00000000000000200000000200000000000300000000000000
20010000000200000000020300000000000000000000000000
21200010000000000200000004000000000000000000000000
00040000000004200000000000000040000000000000000000
01002000000100000000000000000500000000000000000000
200400100000400000000000C0000000000000000000000000
00000000000000040000020000000000000000000000000000
00000000002032300410000000000000000100001000403000
01000340200003400000100000000000000000000000000400
000004200000000A0000000000000000000000000000000000
00100000070040100000000000000000030000000000000000
01001003000010000000000000000000000000000000000000
004100000F0000100F00000000000000000000000000000000
020000000300E0000000000000000000000006000000000000
00400000000000000B00000000000000000000030000000000
00002000000000000000000000000000000000000000000000
00040400000000000000000000000000000000000000000000
00000010000400000000000000000000000000000000000000
00000000000000000000020000000000000000000000000000
00000000000000000000000000000000000000000000000000
02000000000100000000000000000000000000000000000000
00000000000000000000000000000000000000000000000000
00000E00000000000000000000000000000000000000000000
00000000002000000000000003000000000000000000000000
00000000000000000000000002000000000C00000000000000
00040000000000000000000000000000000000000000000000
00000000000000000000000000000000000000000000000000
00000000000000000000000000000000000000000000000000
00430000000000002000000000000000000000000000000000
00000000000000000000000A00000000000001000000000000
0000000000000000000000000000000000000000000000A000
00000000000000000000000000000000000000000000000000
20000000000000000300000000000030000000000000000000
00000000000000000000000000000000000G000000000C0000
00031000000000000000000000000000000000000000000000
01000000000000000000000000000000000000000000000000
03000000000000000000000000000000000000000000000084
00000100030000000000000000000000000000000000000234
020000000000000000300000000000B0000000000400000000
21000007000000000000000000000000002000007000000002
100000400000001030000000000000000000A0000000053000
00000000000000000000000000000000000000000000240222
400003003000050000000000000030000000B00000A3010203
0000200000000100000000000000000000000C000000410305
040000000002000000002000000000000B00000B0000304000
00000000002100000000000000000000000000000004006000
0020000000020000000000000000000000000000C000016300
04002404000020000000000000000000000000000001002330
77668807087265626743972117044560314000004218770104
