00900000000000000000000000000000000000002000000000
040300000000000000D000000D000000000000300000000040
00000000000302000000000000000000000000000000000000
000000002000000010000000000F0D00000000000000000030
000000020003000000000000000000000000000000000000E0
0000000000000E000000000000000000000000000000000000
00000000000030000000000000000000000000000000000000
00200000000000000000000000000000000000000000000000
0100000003003000F00000000000000000000E000000000000
00000000002000000D00000000000000000000000000000000
00000010400200000000000000000000000000000000000000
00000000000000002000000000000000000000000000000000
30004340000000100000000000000000000000000000000000
00040500000000020000000000000000000000000000000000
04000200004040004000000020000000000000000000000000
00000000000044000000400000000000000000000000000400
300024303001000001003C000C000000000000000000000000
00000000000040000000000000040000000000000000000020
0000030000200000000C004000000000000000000000000000
00200000002300000000000000000000000000000000000000
0000010000000000000000000B000000000000000000000000
00000000000000000000000000000000000000000000000000
000000000000000000000000102000000F0000000000000000
000000000000000024400000C0000000000000000000000000
00000100000000000030000000000000000000000000000000
00000000000000000000000000000000000000000000000000
04020000000000000010000000000000000000000000000000
00030000002000000000000000000000F00000000000001000
00000000000000000000000004000000000000000000000000
70000020000000040000004000000000000000000000000000
00002000000020000000000000000000000000000000000000
00000000300000000000000000000000200000000000000000
0000000000000020200002000000000000000000000F000000
00000000000000000000000000000000000000E00000000000
00000004000000000022000002000000000000000000000000
000000000304000000000000000000000100000000G0000000
00040000000000040030000000000000000A00000000000000
00000000000000000100000000000000000000000000000000
00000000000000030000000000000000000000000000000000
60020000000000000000000400000400000000000000000000
0001000000000000000000000000000000D000000000000000
50002000000000000000000000000000000000000000000000
40000003000004000000000000000000000000000000000000
04000020000000030000000000000004000000000000000000
00020004000000000000000000000000000000000000000000
00310000700000000000001000000000000000000000000000
40000070200000000000000000400000000000000D00000000
04400000402000000000000000000000000000000H00000000
30000002000000000000000000000000000000000000000000
97768838397475946788982259344564434004009918882136
