00000000000000000000002000000000000000000000000000
00000000000000000000000000000000000000000000000000
00000000000000000004000000000000010000000000000000
00000000000000000040000000000000000000000000003000
00000000001000000000000000000000000000000000000000
00000000000000200000030000000000000000000000000000
0000L000400000000000040200000000030000000000000000
000000000000000000000000000000H0000000000000000000
00000000000200001000000000000000000000020000000010
04000000003000000300000000000000000000000000000000
0000000000000000000000G000000000000200000030000000
00000000000000000000000000000000000000040000000000
00000000000000000000000000200000000000000000000000
00000000000000000000000001000000000300000000000000
00000000000000000000A00000000000000000000000000000
00000000000000000000000000000000000000000000200000
0O000000000000020000000000400000000000000000000000
00000004000000000000000000000000000000000000000000
00000000H00004000000000000000000000000000000000000
00000000000000000001000000000000000000000000000000
00000000000000000300000000000020000000000030000001
00000000000000030000000000000000000000000000000300
00000000000000000000000000000002000000000000000000
00000000000000000000000000000000000000000001000000
00000000000000000000000000000000000000000000000000
00000010000000300000000000000000000000002000000001
00600000000000000000000000000000000000000000000000
00000000000000000000000000000000000000000000002000
00000001000002003000000000000000000000000000300000
00000000000000000020000010000000000003000000000000
00000000000000000000000000000000000000000000000000
0200000000000000000000000000003000000000H000000000
44000000000000004400000000000022200000000000000000
00000000000000000000000000000000000000000000000000
00000000000000000004000000001000000000000000000000
00000000000000300000000000000000000000000000000000
E0000000000000000000000000000000000000030000000000
00000000000400000000000000000000001004000000000000
00000000000000010010000000000000000000000000000000
00000000000000000000000003000000000040000000000000
00000000000000000000000200000100000000000000000000
00000000000000000000000000000000000001010300000000
00000000K00000002000000000000000000000000000004000
00003000000000000000000000000000040000000000000003
00000020000000000000000000000000000000000300000003
000000000200000000000J0000000000000000000000000000
0000000K00000000I000000010000000000000000000000000
00000000000000000000000000000200000000000000000000
00000000000000000000000000000000000000000000000200
99988879599999999898998699788897549395609948899636
