00000000000000000000000040000000000400002010000000
00000000000000300000010000000000024000000000040000
00000000000000000000000000020000000010220000320001
00001000000000000000000000000000040000002000000004
00000000000000000000000040000000403000000300300000
000000000000000000000A0000001000000020000000000040
00000002000000000000000000000000000000000000001000
00000000000000000000000000000020000001000030002000
00000000000002000000000000021000030000100000000000
00000000000000000000033000030002000000402002007000
00000003000000000000000000003000000070000000000030
00000000000000000000000003300000000000000000000040
00210000010000000000000300003000200300000000004002
00000000000000000320000104000042005430000000000200
00000000000000200000000000001400012000000000200001
10000000000000400200000000024080000600000040000000
04000032000000000000200030000003000002402000003000
00000000000000000003003000000003000040000004000300
00040030000000200020000000100000000000004000401000
00000000000040000400000002000002430000000303024200
00000000000000003000000000000304000003020300103004
00000000000000000000000000100000002000002040000223
00000200000000000000000001003000140003000000200001
000000000000000000000000000000000030300A0000000020
0000000000040000000B000000030000A00010000000B10030
00000000000000002000010003000000000000000000004000
000000002000000A0000000002080000000000000340000000
00000000010000000000000000100000000040000000010000
00000000000000100000000000000000100000000000000032
00000000000000000000000004100000000000000000000000
0000000000000000000000000201000000B000000000000000
00000000000010000000000000000000B00000004000000000
00000040000000000000000000000000050000000000000000
0000000000B000300000000000003000000000000000000000
00000000300000000000A00000000400000000000000000000
000300000000000000000000B0004000000000000000000000
00000000420200000000000000000000000030000000000020
00000000000000000000000000000000000000000000000000
000000000000000000000000C0000000000000000000000000
000000000000000000000000000B0000000000000000000000
000000000000000000000C0000000000000000000000002000
00000000000000000000000000000100000000400000000000
000000A0000000000000000000000000000000000000000000
B0020040001000000000000000000000000000000000000000
023300000100000000000000000000000000000000001000D0
00000000000000000000000000000000000000030000000000
00000000000000000000000000000000000000000000000000
0000A000000000000000000000000000000000000000000000
00000400000000000100000000000000000000000004000000
35646504086104114410101007000501332100340010400100
