00000000000000000000000000000000000000000000000032
03000000003000000400000000000000000D00340000000004
40000022000000000000000000000000000000000000053000
00000000000000000240000000000000000000000000000000
00000000200000000000000000000000000000000000000000
00000000000000000000000000000000000000000000303000
00000000000000000000000000000000000000000000400000
00000000000000000000000000000000000000000000000000
00070000000000000000000000000000000000000001300000
00000000000000000001000000F000000A0000030003000000
00004003000000000000000000000000400100000000100000
00000000000000000000000000000000000003000050100000
00000000000000004000000000020000000000003004000030
10000000000000000000000000000000000000043000000010
0000000001000000000100000000010000A000000000000210
00000000000000000000000000000000000000000000000000
20200000000000000000000000000000000000000000004000
00000000000000000000000000400000000000000001000000
00000000030000000000000000000000000000000004000000
0000000A000000000000000000000000000000000000000000
00230000000000000000000000000000000010000000000000
00000000030000000000000010000000000000000000000000
030000400000000000004000A000000000000000000B200003
00B0002000000000000000000000B00000000000000D000000
00000000020000000000000004000000000000000000000000
00000306001000000000000000000000400000000000000000
00000300000100000008000010000000000000000000000000
00000000100000000000400004000000000000000000000000
01300030003000030300000001000000000000000000000000
00004010000000000040000A0000000000000000C000000000
00030000003000000000000000000000000000000000000000
00000300000000040000000000000000000000000000000000
0000300000600000001000000000000000000000000000C000
00000001000000000004000000000000000000000000000002
00000200000000000000300000000000000000000000000000
00000100000004000100000000000000000000000000000000
00000000000020010000010000000000000000000000000300
00000000000020100000000200030000000000000000000200
02000000000000B00400000000040000000000000000000000
02020000000100000000000000000000000000000000000000
00400000000000000001000000000000000040000000000000
00000000A00000000001000000000000000000000040000001
00000000000000000000000000000000000000000000000000
03000000040300000000000000000000000000000000000000
00000000000001000000000000000000000000000020000000
00000000000000000000000000000000000000000000000B00
10000000000020010000000000000000000000000000000010
00000020040000000040000000000000000003000000000000
02030340000300000000000000000000000001014002000021
77668504087134516710132007000500004000000214770100
