00000000000000030000000000000000000000001020000000
00000000000000000000000000000000000000000000000000
0E000000000004000000000000000000000000000000000000
00000000000000000000000000000000000000000000000001
00000000000000400000000000000000000000000000000000
00000003000000000020000000000000000000000000000000
000000000000000000030000000002G0000000000000001000
04000000000000000000000000000040000000000000000000
00000000000000000000000000000000000000000000004000
0000000C000K00000300000000000000033000000000000000
00000000000000000000000000000000000000000000000000
00000000000000000330000000000000000000000000000000
00000000000000000000000000000000000000000000000000
00000000000000000000000000000000010000000020000000
00000000000000000000000002000000000000000000000000
00000000000000000000000000000000000000000000000000
00000000000000000000000000000000030000000000000002
00000000000000000000000000004000010000000000000000
13010000000000030000000000000000000000000000000001
000000000000000000000B0000000000230000000000000000
00000000000000000000000000000000020004000003000000
0F000000000000000000000000000000400010003000000100
01040000001000000000000000000000000000000000000000
00000000000000000000000000000000000000000000000000
00000000000000200000000000000000010000000000000000
00014000000000000000000000400000000000000000000000
000000000000000000000000000000000000000000000G0000
00002000000000000000000000003000000000000000000000
00000000000000000000000002000000000000000000L00000
00000040000000040000000023000000000000000000000000
00000000000000000000000000000000010000000000000000
00400000000400000000000000000000000000000000000000
00000000000000000000000000000004000000000000000000
00000000000000000000000000200000000400000000000000
00000000000000000000000000000000400000000000000000
00003000000030000000000000000000000000000000000300
00000000000400000000000000000000000000000000000010
000020000000000000000G0000000000000000000000000000
00000000000000000000000000000030000200000000000000
00000000000000000000000000001000000000000000400000
00000000000000000000000000000000000000000000000000
00000000000000000000000000020000000000000000000000
30000000000000000000000000000000000000000000000000
0000E000000000000000000000I00044000000000000000000
0000000000230001000000000000000000000000G00000000B
00000000030000000000000000000000000000000000020000
00000000000000000000000000000000000000000000000000
00000000000000000000000000000000000000000000000000
00000000000000004000000000000000000000200000000000
99888879599675988888998399785677549395609918889636
