00000300000000000000000000000000000000000340200000
00000000000000000000000200000000000000000100000000
00000000000000000030000000001000000000003000000000
00000000000000000000004000002031000000000000000000
00000000E00000000000000000000300100000000000000000
0010000000030000000000000200030000000000E000000014
00000000000003000000000000000000300000000000000000
00000010000000000000000E00000000000000000E30044000
00020000000000002000000000000000000000000000000000
00040030000000000000000000000000000021000000000000
00000100000000010000000000000000040000000000000000
02000000000000000000020000000000000040000000000200
00000000000000000000100000000000000000000000401000
00010000000000000000000040000000000000000000000000
04000000000000000000000000000000000030000000100000
0020000000000000000000000000F000000000000000000020
01000000010000000000000000000000000400000000000000
43020000000200000000000000000000000A00000300000000
00000000000000000000200000000000000000000000000000
30200000000000000000000000000000000200000000000000
00300100040000000000000002000000000000000000000030
00000000000000000003004000000000003000000000000000
00000000000000000000000000000000002000000040000000
00000000000000000400000000000000300000000000030300
00000000000000000000000040000002000000002000000000
00000030000000000000000000000000000004000000000000
00000000000000000000000000000000000000000000000004
00421000000000000002000000000000000000000000000000
10100000300000000000000000000000000000000000002000
00000000000000000000000010200000000000000000030000
00000004020000000000000000000H00000000000000300000
00004000000000000030E000000000000000000000000010H0
00000120003000000000000000000000000004000000000300
00F00000000000000000000000000000A00000000000000000
00002000000000000000000000000000000000000020000000
00000000000000020000000000000000000000000000000000
20000000000000000000000000000000000000400000000000
00000000000000000000000000000000000000000000000000
00400000000000000000000300060000000000300000000000
40000000000000000000000000001000000000000000004000
00000000000000000000004000000000000000000201000002
40001000000000000000000000000000000000000000000000
00000300000000000000000000000000E00000000000000000
00000000000000004000000000000000000000000000000000
00000000000030000000000000000000000000030000000200
00000020000000000000000000000000000000000000080000
00000000000000000000000001000000000000000000000000
00F00000000000000300000400400200000000000000000031
00003000002000000000000400000000000000000000003100
97788839599475986888992299584567437304609918882436
