00440000000000000000000000000000000000000000000000
70000000000000400000000000000000000000000000000000
03000000000000000000000000000000000000000000000000
04300000000000000000000400000000000004000000000000
040000000000000000C0000000000000000000000000000020
10000200000000010002000000000000000000000000030000
03000000000000000000000000000000000000000000000000
02000000000000000000000000000000004000000000000000
0000000000000000000000000000000001000100000000E000
00000000000000000000000000000200000000C00000000000
00000000000000006000000000000000000300000000000000
00000000000000000000000000000000000000000000000000
00000000000000000000000000040000000000000000000000
00000000030000000000000000000000000000000000040000
00000000000000000040010000000000000000000000000000
00000000000000000000000000000000000000000000000000
0000000H0000000000000000000050000H0000000000000000
00C00000003000000000000000000000000000000000000000
00000000200040000000300000000000000000000000000002
00000000000000000000000000000000000100000100000000
00000000000000010000000000000000000000000000000000
00000000000000000000000000000000000000000000000000
00000020020000000000000000000000000000000000000000
00000000000400004000000000000000000000000000000000
20002020000000000000000000000000000000000000000000
00000000000000000010000000000000030000000000000000
02000000000020022003000000000000000000000000000000
30010000000000000000000000000000000000000020000000
00000000000000000000000200000000000000000000000004
00000E0000000000000000000000030000000000A000000000
00000000000000000000000000000000000400000000000000
400000000000000000040000000000060G0000000000000002
00000000000000000000000000000000000000000000004000
00000000000000000000000000000000200000000000200000
00000000000000000000000040000000000000000000000000
00000000000000000000000000000000000004000000000000
00000000000000000000000000000000000000B0000030040I
00000000200000000000000000000000004000000002000400
00000000000G00000000000000000000003000000000000000
00000000000000000400000000100000000000000000000004
00040000000030000000000000000001000000000000000010
0000000000000000010000000E000000000000000000100000
000000000000000000400C0000000000H03000000000000000
00000000000000000000000000000500004000010000000000
00000000000000000000000000020000000000000000000000
00600000000000000000000000000000000100600000400000
000000003100000000000000000000G0000040000030000000
00000000000000000000000000000000000040000000000010
0000B00000000000000000000000000000000F000000000400
77668808397275646785982219044560334004004618780134
