00000000010000400200000020000000000000000001000000
00000002010000000000300000000000000000000800000000
02000000000010000000000000000001400000060200000000
00000000000000000001000000000000000300000000004400
02200000000000000000010000000000002000000000000000
00000000000000000000000000000200030001000003000000
00000000000000000000000000040003000000000010000000
00000000000100002300000000000000030000000100028000
00000010000000000000102001000400200000000001000000
20000000000000010010000000000000203000000000000000
000000000000000000000200000000000B0000000008000000
000003000000004000000202000000000G0000000003000000
00000000000000000000000105000G00000040040000000000
000004000000000000000000030004000G0000000000000004
00000000000000000000000000200002000000000000000000
00000000000000000000000000000003000000000000010024
00030000000000000000000030000040004000000000200000
00000000000000400000000000000100030000404000000000
00000000000000000000000010000000000000000000010020
00000000000000000000000000000000000400000300000020
00100000000000000400000000000004000000000104002004
10000000000000000000000000000000000000000400000000
00030000000000000000000020000003000000020000002000
00000040000000000000000000030040000000000001000000
00000000000000000000000000000000000001000000000300
00000000000000000000000000000000000000000000000003
00400200000000002000000040000000000000000010000000
00000000000042000000100300100000000000000000000000
0000000000600000000000400000000J000000000040002000
000000000000000000000003000000E0000030000000000000
00001000000000000000000000000J00000000200300000003
000000020000000000000000000000E0000000000000000000
00000000000000000000200000000000000000000003000500
00000000000000000000000000000000000000000000000000
00000000000000000003000000000000000000000000400000
000000040000000000000000040000000400000000000C0000
00000000000000000000000000000000000300000000000JGF
01004000000000000010000000400000000000000000000000
00000000000000000003000000040000002000000000000000
02000000000000200000000020000000000000000000000000
00000000400000000000000000000000000000010000200000
00000000000000H00020000000000000000000000000000000
00400000000000000100000000000000000000000000000000
00004000000000000000000000000000000000000000000000
000000000000B000000000000000000000B000000000000000
00000200000000000000000000E00000000000000000000000
000100000000B00030000H0000000000C00000000000000040
000000000200000000000E0I00040000C00000000000000002
00000000000000000000000000000000000000000000000030
97768838397475946888982299384564434004409918882436
