00440000000000000000000000000000000000000000000000
70000000000000400000000000000000000000000000000000
02000000000000000000000000000000000000000000000000
0430000000000000020000000000G000000000000000000000
04000000000000000000000000000000000000000000000020
10000000000000010300000000000000000000000000030000
03000000000000000000000000000000000000000000000000
0200000000000000000C000000000000000000000000000000
00000000000000000000000000000000000000000000000000
00000000000000000000000000000200000000000000E00000
00001010000000006000000000000000000300000000000000
00C000000000000000000000000000000000000000000000B0
00000000000000000000000000000000000000000000000000
00000000000000000000000000000000000000000003000000
00H0000000000000004000000000000000000000000C000000
00000000000000000000000000000000000000000000000000
00000000000000000000000000005000000000000000000000
00000000003000000000000000000000000000000000000000
0000000020000000000030000000000H000000000000000002
00000000000000000000000000000000A00100000000000000
00000000000000010000000000000000000000000000000000
00000000000000000000000000000000000000000000000000
00000020020000000000000000000000000000000000000000
00000000000400004000000000000000000000000000000000
00002000000000000000000000000000000000000000000000
00000000000000000000000000000000000000000000000000
02000000000020022000000000000000000000000000000000
300100000000000000000000000000000000A0000000000000
00000000000000000000000000000000000000000000000004
00000000000000000000000000000300000000000000000000
00000000000000000000000000000000000400000000000000
40000000000000000004000000000006000000000000000002
00000000000000000000000000000000000000000000004000
00000000000000000000000000000000000000000000000000
00000000000000000000000040000000000000000000000000
000000000000000000000000000000000000G0000000000000
0E000000000000000000000000000000000000000000300400
00000000200000G00000000000000000004000000000000430
00000000000000000000000000000000003000000000000000
00000000000000000400000000100000000000B00000000004
00040000000030000000000000000001000000000000000010
000000000000000000000002000000000000000000000000I0
0000000000000000000000000E000000403000000000000000
00000000000000000000000300000500304000000000000000
00000000000000000000000000020000300000000000000000
00600000000000000000000000000001000100600000400000
00000B000000000000000C0000000G00000040000030000000
000000000000E0000000000000000001000040000000000010
00000000000000000000000H000000100000000003000F0400
77668808397275646785982219044560334004004618780134
