000000000000000A0000000000110000000402040001210011
00100000000000000000000010100000030000504231011100
0000000000000000000A511001000000000000400141031111
00000000000000000000010070090000000000001100000400
00003000000010000020101110101000000000010020012000
00000000000000000000000400002000000000000000241100
00000000000000000000100000010000000000000001011010
00000000000000000001200000000000000000000001110122
0000000000000000A000000000000000000000000001001100
00000000000000000000020000000000000000000400100400
0000B0000000000011001000A0A00100000000000011411101
00000000000000004650000000000000000000000110000103
00000000001000000000000000000000000000000002000130
00000000000000000A000A0000000000000000000105010301
00000000000000000000000000000000000000020000000014
000000000010000000000000000000000000000000032021A0
20000000031000000000000000000000000000000004000000
00000000000000000000000000000000000000000000100101
00000000000000000000000000000000000000000000001130
00000000000000000000000000000000000000010000000400
00000000000000000000A00000000030000000520000111001
004000002000000100000000A0000000000001100100000101
00000000000000A0004000000000000000000000000D001002
00000000000000000030000000000000000001A00000201110
00000020000000000000000000000000000010000110000000
00000003000000000000000000000000000000000024000002
00000000000000000000000000000000000000000000000111
00000000000000000004000000000000000000000000000004
00001000000000000000000000000000000000200003020000
00000000000000000000000400000000000000000000000000
0000000000000000000000000000000100000000A00AA00000
00000000000002000000000000000000020300000030000000
00000000000000000000000000000000000000000000000000
00000000001000000000000000400000000000000000000000
00000030000000000020000000000000000000000000000000
00000000000000000000000000000000000000000000000000
00030000000000000000000000000000000000000000000000
000000000000000A0000004000000000000000000000000000
00000004000000000000000000000000000000000000000400
01000000000000000000000000000000000000000000002400
00000020000000000000000000000000000000000000004000
00000000000000000000000000000000000000000000000200
0000C000000000000000000000000000000000000000000000
00000000000000000000000000000000000000001000000000
00000000000000000000000000000000000000000070100004
00000000000000000000000000000000000000000020000000
00000000000000000000000000000000030000004000020000
00A00000000000000000000000000000000001000000030000
00000000000020000000000000000000000101408040000000
02415500050100114100101400000101110030140010000000
