00000300000000000000000000000000000000000200200000
0000000E000000000000000200000000000000000100000000
00000000000000000000000000001000000000003000000000
00000000000000000000004000002031000000000000000000
0000000000000000000000000000030000000000E000000000
00000000000300000000000002000300000000000000000012
000000000000030000000000000E0000300000000000000000
00000010000000000000000000000000000000000000004000
00020000000000002000000000000000000000000000000000
00040030000000000000000000000000000020000000000000
00000100000000010000000000000000040000000000000000
02000000000000000000020000000000000040000E00000200
00000000000000000000100000000000000000000000001000
00010000000000000000000000000000000000000000000000
00000000000000000000000000000000000030000000000000
00200000000000000000000000000000000000000000000020
0100000000000000000000000000000A000400000000000000
43000000000200000000000000000000000000000300000000
0000000000000000000020F000000000000000000000000000
30200000000000000000000000000000000200000000000000
00300100040000000000000002000000000000000000000030
00000000000000000003004000000000003000000000000000
00000000000000000000000000000000002000000040000000
00000000000000000000000000000000300000000000030300
00000000000000000000000040000002000000000000000000
00000030000000000000000000000000000004000000000000
00000000000000000000000000000000000000000000000004
00001000000000000002000000000000000000000000000000
10100000000000000000000000000000000000000000002000
00000000000000000E0000001020H000000000000000030000
00000004020000000000010000000000000000000000000H02
00004000000000000000000000000000000000000000001000
0F000120003000000000000000000000000000000000000300
00000000000000000000000000000000000000000000000000
00002000000000000000000000000000000000000020000000
00000000000000000000000000000000000000000000000000
2000000000000000000000000000A000000000400000000000
00000000000000000000000000000000000000000000000000
00400000000000000000000000060000000000300000000000
40000000000000000000000000001000000000000000004000
00000000000000000000004000000000000000000201000002
40001000000000000000000000000000000000000000000000
00000300000000000000000000000000000000000000000000
000000000000000040000000000000000000000000000F0000
00000000000030000000000000000000000000000000000200
0F000020000000000000000000000000000000000000080000
00000000000000000000000001000000000000000000000000
00000000000000000300000400400200000000000000000031
000030000020000000000004000000000000E0000000003100
97788839599475986888992299584567437304609918882436
