0000100000000000000001004000000003040E000001000000
100020000000040000000000000303000280000000000CA000
0400000000100000000000000005000000002020000CF00000
00001000000000000000000000000000040010000000000000
00200000000000000030000000000000003000000000000000
00000000000302000000000000000000000000000E00040000
0030000200000000000000000000000B000000000000000000
00000000000030004000000004000000000A00000000000000
00014000000002000000000000000000000000000000000000
30000000000000000000000000000000000000000000000000
00600003000000000000000000000000000000000000000000
00000000010000000000000000000000000000000000000000
0022000001A400000000000000000000200000A00000000000
00000000000000000000000000000000000100000000000000
00000000000000000000000000000000000000000000000000
10000000000000B00000040300000000000B00000000000030
0400003200000000000000000000A0000000000000000000B0
00002000000000000030000000000000000000000000400000
00080030000000000000000000000000000000000000000000
00000034000000000000000000000000000000000000003000
0000000000000000000B000000000000000000000000000000
00420000000400000000000000000000000000000000000000
00000200000004000000000000000000000000000000020000
00000000000000000A0A000000000000000000400000000000
00001000000000000000000000000000000000000000000000
00000000000300000000000000000000000000000000000000
00000000000000000000000000000000300000000000000000
00000000000000000000000000200000000000000000000000
00000000000000000400000000000000000000000000000000
03000000000000000000000000000000000000000010A00000
00000000000000000000000000000000000000000000000000
00000000000000000000000000000000000012000000000000
00000003000000040000000000000000000000000000000000
00000000000000000002000000000000000000000000000000
00000000000000000000000000000000000100000000000000
00000000000000000000000000000000000000200000000000
00000000020000000000000000000000000000002000000020
00000000000000000000000000000000000000000000000000
00000000004000000000000000000000000000000000000000
01400100000000000000000000000000024000000000200000
00000000000000000000400000000000000000000000002003
0003010000400000000000000C000000000000200000000001
00000000000000000000000000000000000020000000000C00
00000000000000000000000000003000000300000000000000
00000000000000000000000000000000000000000000000000
00000000000000000000000000000000000000000000000000
00000000000000000000020003000300003002000000000102
00100100002000000000000000000000000000000000004024
00000100000000000010000000000000000000000004000000
35646504086134116410101007000504352100340010400104
