20000000020001000000000000000000000000000001000000
00000000000000000000000200000000000000000000030000
20010000000200000000020300000100000000004000000000
20000000000000000000000004000000200000100000000000
00040000000004000000000000000000000000000300000000
01000000000100000000000000003001000000000000000000
00000000000040000000000000000000000000000000000000
00000000000000040000000300000200000000000000000000
00000000002032300000000040000000000000000000000000
00000300000003000000100000000004000000200000000000
00000400000000000000000000000000000000030000000000
00000000000040100000000000000000000000000400000040
01000003000010004000000001000000300000000A00000000
00010000000000100000000000000100000000000000000000
00000000000000000000000400002000000000003000000000
00000000000000000000400300000000000200000000000000
00000000040400000000000000000133000000000000200000
00000400000024200000000000000000000000000000000A04
00002010000000000000020000000000000000000000000000
0000000003003020000400000000000B000010000002000000
000000000000000000000000000000000400000000000F0000
000000000000000E0000000000000000004000000003000040
00020000000000000000000000004000000010040100000000
00000400020000000430000011030000100000000000000000
0000000300000400000000000000000B020000003000010020
00030000000000000000000000000020000000000020010000
00200000001001000000400000000000001030000000000000
000020030000000000000000000000E0010000040000000005
00000000000003000004000000000000020000000004000020
00400000000000000000000000037000000040005020400000
00000000000000150000000000030020001303000301200000
000000000A0000010000000000302044060120010000001002
00000000000000000000101030044000000040000000000000
20000000000000000010100000001004101420003100000300
00000300002000000000004000313010100020400000001030
00030000000000000000001010124000000530364000000440
00010000000000000000100002206010240000003430000400
00000040000000000004000000000000000034334004300084
00000130000000000000004000109000400110005000002234
00000000000000000001004020000000000000030040001000
01000003000002000000012400020000000000047000000002
00000000000000000040001032000300000000230400053000
00000000000000000000030020402040200300400000140222
40000300300005000000002000023300770000703013010203
0000200000000100000020100000C000000003007020410305
04000000000000000000450000330000041000130100304000
00000000002100000000000000001000030003350000006000
002000000002000000000B0006002701004010006000016300
04002000000000020000000140402030001304020001002030
77668807087265626743972117044560314000004218770104
