00500000000000004000000000000000000000002000000000
04030000000000000004000000000000000000300000000000
00000000000300000000000000000000104000000000000200
00000000200000000000010000000000001000000000000030
00000002000000000000000000000000100000000020000000
00000000000000000200000000000000000000000000000000
00000000000000000000000000000020000000001000000000
00200000000000000000000000000000000000000000000000
00000000030000000000000000000000000000400000000000
00000000002000000000100000000000000100000000000000
00000000400000000000000000000000000000H00000010000
000000000000000000I0000000000000000000000000000000
30004300000000100000000020000000000000000003000000
00000500000000000000000000000000000040000000000000
04000200000000004000000000000000000000000000000D00
00000000000040000000000000000000000000000000000000
00000000300000000000000000000000000000000000000000
00000000000000000000000000002000030030000000000000
00000000002000000004004000000000000002000000000000
0020000000130000000001050000000000000000000000HH00
00000000000000000000000020000000000000143000000000
00000000000000000000000000000000000000000000040000
0000000000000000000000100020000000000010000G000000
00000000000000002000000000000000000000000000000000
00000000000000000000000000000000000000000000000000
00000000000000000000000000000000040000000000000000
00020000000000000000000000000000000000000000000000
00000000000000000000000000000000000002000000000000
000000F00D000000F000000001000000030000000000000000
40000000000000000000004000000000000000030000000000
00000000000000000000000000000000000001000000000004
00000000000000000000000000000000000100000000000000
00000000000000002000000000000000000000000000000000
000000000000000000000000000000000000000200B3000000
00000000000G00000022000000000000000000000000000000
00000000000000000000000000000000010000000000200000
00040000F0000004000000000000000000000D000300000000
00000000000000000000000000000000000000000000000000
00000000000000000000000000000000000004000004000000
300000000000000000F00000000000000000000J0000000300
00000000000000000000000000000000000000000000002000
00000000000000000000000000000000000000000000000000
40000000000004000000000030000000000000001000000010
04000000000000000000000000000000000600000000300000
00020004000000000000000000000000000000000000000000
00010000700000000000000000000100010000000000000000
4000007020000J000000000000000000001000000300000000
04000000402000000000000000000000300G00000000000000
30000002000000000000300000000000000000000002000000
77768838397475646785982259344564434004009918882136
