0000000000000000000C000000000000003000000000000000
01200000000000000000200000000000000400000000030000
040000002000000000000000E0000000001020000000000000
00000000000000000000000000000000000000000000000000
20002000000000000000000000000000010000000030000000
00400002000000000000000000100000000002000000000000
00000000000000000000000000000000000000001000000000
000000000000000000000000001000000000000000000C0000
00000000000003000000002200000000000000000000000000
00010000000000000000000000000000000000000000000000
00000000000000000000000000000000000000000000000000
00000003100000000000000000000000000000000000000000
0000000000000000000000010100000BF0000000000000E000
00000002000000000000000000000000000000000000000000
0000001000000000G000000000000000000000000000000000
004000000010000000000000000000000000000000000000C0
030000000000000000000000000000020000000000000000D0
00000000000000G00400000000000003000000000000000000
00000000000000000000000031000000000000000G00004200
04000000000000000000000000000000000000000000000000
0000000B000000000000000000000001000000000000020000
00000000000000000300000000000000000000000000010000
0000000I000000000000000000000000200000000000000001
00000000000000000000000000000000000000000000000000
00000000000000000000000000000000000000000000000030
00000000000003000000002000000000000000000000000000
000000D0000000000000000000000000000000000I00000104
000000000000000000100000000040000000000000000H0000
00000000000000000000000000000000000000000000000030
00200000000000000000000000000000000200000000000000
00000000000000000000000000000000000000000000000000
00000000000000000000000000000000000000000000000000
00000000000000000000000000000000000000000000000000
0000000000000000000000000000000000004003000F000001
0000000000000000000000000000000000000000000000H000
000000000000000000000000000000000000000000000I0000
00000000000000000000000000000020000000000000000000
00000000000000000000000300000000000004000000000000
00000000010000000000000000000010000000000004001000
00000000001000000000000000000000000000000000010000
00000000000000000000000000000000000300000000000000
20000000000000000000000000000000000300000000000000
00000000000000000000000000000000000000000000000000
00000000000000002000000000000000000001400000000000
00000000000000000000002000000000000000000000000000
00000000000000000000000000000000034000000000000000
00000000000000000000000000000000000000031300000000
00D00000000000000000000000000000003000000000000000
00000000000000000000000000000000000000000000000020
99788839599475986888996399785677449304609918882436
