00000000000000000000002000000000000000000000000000
00000000000000000000000000000000000000000000000000
00000000000000000004000000000000010000000000000000
0000L000000000000040000000000000000000000000003000
00000000000000000000000000000000000000000000000000
00000000000000000000000000000000000000000000000000
00000000000000000000040200000000000000000000000000
00000000000000000000000000000000000000000000000000
00000000000000000000000000000000000000020000000000
04000000003000000300010000000H00000000000000000000
00000000000000000000000000000000000000000030000000
00000000000000000000G00000000000000000000000000000
00000000000000000000000000200000000000000000000000
00000000000000000A00000001000000000300000000000000
00000000000000000000000000000000000000000000000000
00000000000000000000000000000000000000000000000000
00000000000000000000000000400000000000000000000000
0000000400H000000000000000000000000000000000000000
00000000400004000000000000000000000000000000000000
0O000000000000000001000000000000000000000000000000
00000000000000000300000000000020000000000030000001
00000000000000030000000000000000000000000000000300
00000000000000000000000000000002000000000000000000
00000000000000000000000000000000000000000001000000
00000000000000000000000000000000000000000000000000
000000100000000000000000000000H0000000000000000001
00400000000000000000000000000000000000000000000000
00000000000000000000000000000000000000000000002000
00000000000000003000000000000000000000000000300000
00000000000000000020000000000000000000000000000000
00000000000000000000000000000000000000000000000000
02000000000000000000000000000030000000000000000000
44000000000000000000000000000022200000000000000000
00000000000000000000000000000000000000000H00000000
00000000000000000000000000000000000000000000000000
00000000000000300000000000000000000000000000000000
00000000000000000000000000000000000000030000000000
00000000000000000000000000000000001000000000000000
E0000000000000010000000000000000000000000000000000
00000000000000000000000003000000000040000000000000
00000000000000000000000200000100000000000000000000
00000000000000000000000000000000000000010300000000
000000000000K0000000000000000000000000000000000000
00000000000000000000000000000000000000000000000000
00000000000000000000000000000000000000000000000000
00000000K0000000000000000000D000000000000000000000
000000000000000I0000000010000000000000000000000000
0000000000000000000J0000000002000D0000000000000000
00000000000000000000000000000000000000000000000200
99988879599999999898998699788897549395609948899636
