00000000000000000000000000000000003000000000000000
01200000000000000000000C00000000000400000000030000
04000000200000000000003000000000001020000000000000
00000000000000000000000000000000000000000003000000
20002000000000000000001000000000010004000030000000
00400002000000000000000000100000000002000000000000
00000400000000000000000000000000000000001000000000
04000000000000000000000000100000000000000000000004
00000000040003000000002200000000000000002000000000
000100000000000000000000000000000F0000000000000000
00000000000000000000000000000000000000000000C00000
00000003100000300000000000000000000000000000000000
00000000000000000000000101B00000000000000000000000
00000002000400000000000000000000000000000000000000
00000010000000000000000000000000000000000000000000
0040000G001000040G00000000000000000000000000000000
030000000000000100000000000000020000000000E0000000
00000000000000000400000000000003000000000000000000
0000000000B000000000003031000000000000000000004200
44000000000000000000000000000000000000000000000000
00000000000000000000000000000001000000000300020000
0000000000000000030000000004000000000G000000210000
00000000000000000000000000000000200000000000000001
00000000000000000000010000000000000000000000000000
000000000000000000000000000000000000000000000H0030
00000000000003000000002000000000000000000000000000
00000000000000000000000000000000000000000000000104
00000000000000000010001000004001000000000000000000
00000000000000000000000000000000000000000000000030
00200000000000000000003000000000000200000000000000
000000000000000000000000000000000000000I0000000000
00000000000000000000000000000000000000000000000000
00000000000000000000000000000000400000000000000000
00000000001000000000000000000000000040030000000001
00000000000000000000000000000000000000000000000000
00000000000000000000000000000000000000000000000000
00000000000300000000000000000020000000000000000000
0000000000000000000000030000000000000400000000F000
00000000010000000000000000000010000000000000000000
00000000001000000000000000000000000000000000000000
03000000000000000000000000000000000300000000000000
20000000000000000000000000000000000300000000000000
00000000000000000000000000000000000000000000000000
00000000000001002000000000000000000001400000000000
00000000000000000000002000000000000000020000000000
00000000000000000000000000000000034000000000000000
00000000000000000000000000000000000000031300000000
00000000000000000000000000000000003000000000000000
00000000000000000000000000000000000000000000000020
99788839599475986888996399785677449304609918882436
