00000000000000000000010000000000030400002011000000
10002000000000000000000000000000028000000000040000
04000000000000000000000000050000000020220200320201
00001000000000000000000000000000040010002000002004
00200000000000000030000001000000403000000300300000
00000000000002000000000001000000000320000300000040
00300002000000000000000000000000000004000014001000
00000000000030000000000000000020000001000000012000
00010000000002000000000000000000030000100000004000
0000000000000000000000000000A002000000000B02000000
004000030000000000000000000000D100007000000000000B
00000000010000000000000000300000000000000000000000
002100000104000000001003000030000000C00000000B0000
00000000000000000320000114000000000000000000000200
0000000000000020000020000000B000000000000000B000C0
100000000000004002000000000000000200000000000000B0
040000320001000000002000C00000000010000000000B0000
00002000000000000A000030030000B000000B00000A000000
00080030000000200020004000000000000000000000000000
00000030000040000000000000000000000000000000000000
00000000000000000000000000000004000000000000000000
00000000000400000000000000000000000000000B00000000
0000020000000000000400000000000000000000000000000A
000000000000000030000000000000B0000000000000000000
00000000000000000000000000000000000000000000000200
00000000000300000000000000000000000000000000000400
0000000000000000000000000D000000000000000000000000
00000000000000000000000000000000020000000000000000
00000000000000000000000000000000000C00000000002332
00000000000000000000000000000000000000000000000000
00000000000000000000000000000000400000000000000000
00000000000000000000000000000000000000000000000000
00000000000000000000000000000400000000000000000000
00000000000000000000000000000000000000000000000000
00000000000000000000000000000000000000000000000000
0000000000000000000000000000000A000000200000000000
00000000000000000000000000000000000000000000000020
00000000000000000000000000000000000000200000000000
0000000000000000A00000000000000000000000D000000000
0100010000000000000B000000000000000000000000000000
00000000000000000000000000000000000000000000002003
00000000000010000000000200000000000000000000000001
000000000000000000E0000000000000000000200000000000
00000000000000000000000000000000000000000000000000
00000000000000004000000000000000000000000000100000
00000000000000000000000000000001000000000000000000
00000000000000000000000003200300003000000200030000
00000100000000000000000000000000000000000000000024
00000000000000000000000000000000000000000004000000
35646504086134116410101007000504352100340010400104
