00000000040000000000000000000000000000000000000000
10000000000000000000000000000000000000000000000002
00300000000100000000000000040H0000000K000000000100
000004000000000000000L0000000000000000000000000000
00000000000000000000000000000000000B00000000002000
0000000000000000000000000014000000000J000000000000
00000000300000000000000000000000000000000000000000
00000000000000000000000000000000000000000000000000
00000000000000000000000000000000000000000000000000
00000000000000000000000000000000000000000E00000000
00000000002040000004000030000000000000000000000000
00000000000000000000002000000000000000000000000000
0000000000000000000000000000000000000000000G000000
00000000000000000000000000000000000000000000000100
00000000000000000000000000000000000000000000000000
00000000000000000000000000000000000000420000000000
000000N0040000000000000000000000000000010000000000
00000000000000000000000000000000000000000000000000
00000000000000000100000000000000000000000000000000
30000000000000000000000000000000000000000000000000
00400000000000000000000000000000000040000000000000
000000000D0000030000000000000000000000000000000000
00000000000000000000000000000000000000000000000000
00000002000000000000000000000000000000000000000000
00000000000000100000000000000000000000000000000000
00000000000000000000000000000000000000000000000000
00000000000000000000000000000000000000000000000000
00000000000000000000000000000000000000000000000000
00000000000002000000000000000000000000000000000000
00000000000000000000000030000000000000000000000000
00000000000000000002000000000000000000000000010000
00000000000000020000000000000000000000000000000000
00000000000000000000000000000000000000000000000000
00000000000000000000000000000000000020000000030000
00000000000000000000000000000000000000000000000000
00000000000000000000000000000000000000000000000000
00000000000000000000000000000000000000000000000000
000N000000000000G0000000000H000000000000000H000000
00000000000000000000000000000000000000000000000000
00000000000000000000000000000000400000000000000000
0000000000000000300000000000000000000000000000L000
000000000000024000000000000000000000000000E0000000
00000000000000000000000000000000000000000000000000
0000000000000000004000000000030400000H000000000000
00000000000000000000000000000000000000000000000000
00000000000000000000000000000000000000000000000200
00000000000000000000000020000000000000000000000000
00000000000000000000010010400000000000000000000000
0000000000000000000000000000000000001002G000000000
99988879599699998888998399788697549395609948889636
