00000030000000000100004010000010004004400001000030
00000000000000000400000003000000001000000000020330
00000000000000000000000000000000000062014000000001
02001060002000000000000000000000110000204400000000
0200E000000000000000000000000000220000000104400010
00200C00000030000214003500003000400000202000100000
0000000000000000F000000000200040000000000000400004
0000BEB0000000000E00000000000000400000040003003030
000000000000000CEC00000000040000010000000000002000
000000001000000000CE00000000000000000000A000000400
0000000000000000000000000030000000B0010B0000000000
0000000000000000000000000000000000FF40021000700033
00020000000000000000000033000033000000C03014000020
00003000000020000000000000000000000000C00001000001
00200000030000000000000000000000000000504330000000
20020000000000000000000000000220033038000000000100
30000000000000000000200000000240000000020004030203
03010000200000010000050000400310033002000003000151
40000010000300000002002000040200000000000000333000
00000440000000000000000002003000000320004330403000
10030044000000003000000000000000000000001440000200
00400130000000000000000000004003000000008000300040
00000000000000000000010000304002100001030120000000
00000040304100000300310001000800000000000000010050
00401042000000001000000000200300000420003001010000
40300000000010000000000010000020400030050020000000
01000100004003011040004000010030201030000000000000
00000000002200040000020000000003000000000000000005
00405000060200000010000000000000000000000004000020
00003000000004000001000000033000000020005000400000
000C0003030000400000044000030020001300000001000000
000GBC00000A0E000020000000300044040110000000001002
05001000000CFF000000000030044000000000000000000000
0400000000000G000040000000001004101420000100000300
03570000000000000000002000300000100020400000001030
00040000000000100000001010024000000000030000000240
03000000004003010000100002003010200000003430000400
03002600000024020000000000000000000034330004300004
11001000000030003020400000106000000110005000000231
00300003000000000001104020000000000000030040001000
00000710000000141100002400020000000000007000000000
01300003010020000030001030000300000000030400043000
00110020100000000000030020402040200300400000100222
00001000004005100000003000023300470000702013000201
00002030104043430030001000000000000000003020000005
00100000000000440000440004030000001000030100304000
00030001000040000000000000001000030003300000006000
03304000000202020230000006002601001010005000012300
00000000000000120000000140002010001304020001000030
77668807087234626713572107040560314000000218770100
