00000000000000000000000000000000000000000001000000
00000000000000000000000000000000000000000000000000
000E0000000010000000000000000000000000030000000000
00000000000000000001000000000000000000000000004000
0000040000000000D000000000000000002000000000000000
00000000000000000000000000000000000001000000000000
00000000000000000000000000000000000000000000000000
00000004000000000000000000000000030000000100000000
00000000000400000000000000000000000000000001000000
00000000000000000000000000000000200000000000000000
20000000000000000000000000000000000000000000000000
00000000000000000000000000000000000000000000000000
00000000000404000000000000000000000000000000000000
00000000000000000000000000000000000000000000000000
00000000000000000000000000000002000000000000000000
00000000000000000000000000000000000000400000000001
00000F00000000000000000000000000004001000000200000
00000000000000000000000000000100000000000000000000
00000000000002000000003000000000000000000000010020
00000000000000000000000000000000000000000300000000
00000000000000000000000000000004000000000104000000
00000000000000000000000000000000000000000000000000
00000000004000000000400020000000000000000000000000
000000000000C0000000000000000040000000000001000000
00000000000000000000000000000000000000040000000000
00000000000002000000000000000000000000000000000000
00000000000000004000000040000000000000100000000000
00000000000000000000000000000300000000000000000000
00000000000010000000004000000000000000000000000000
0A000000000000000000000000000000000000000000000000
00000000000000000000000010000000000000000000000000
00400000000300000000000000040006000A00010000000000
00000000000000000000000000000000000000000000000100
000000000F0000000000000000000030000000020000000000
00004000000000000000000000000010000000000000000000
00000000000000000000000000000000000000000000000000
0B000000000000000000000000000000000000000000000000
00110000000000000000000030000000000000000000000000
00000000E00000000000000000000000G00000000000000004
60000000000000200000000000000000000000000000000404
000100000000000E0000000001000000000003000000000020
50000000000001000004020000000000000000000000001000
40000000000004000000000000000000000400000000003401
04000020000001030040000I00B00000030000000000000000
0002000000000004002000002000000030000B000000000002
00360032700000000400000000000000000000000000000000
40001070200J03000000000000001000000000B00000000000
0540400140500000000000100000000G000000000000000102
30000002000040000000000000000000000000000000000000
97768838397475946888982299344564434004009918882436
