00000000000000000000000000000000000000000000000000
00200000000000000004000000000000000000000000001C00
00000000200000000300000000000000001000000000000300
00000000000000000000000000000000000000000000000000
20000000000000000002000000000000000000000000000000
000000020000000000000000000H00000000000000000000E3
00000000000000000000000000000000000000000000000000
00000000000000000000000000000000000000000000000000
00000000000003000000000000000000000000000030000000
00000000000000000000000000002002000000000000000000
00000000000000000000000000000000000000000000000004
00000000000000010000000100000000000000300000000010
00000000000000000000000000000000000000000000003004
00000002000000000000000000000000000000000000000020
00000000000000000000000000000000000000000000003002
00400000000000000000000000000000000000000000400000
00000000000000000000000000000000000000000000000004
00000000000000000400000000000000000000000000000000
00000000000000000000000000000000000000030000004200
04000000000004000000000000000000000000000000000000
00000000000000000000000000000000000000000000000000
00000000000000000000000000000000000000000000000000
00000000000000000000000000002000C00000000000000001
00000000000004000000000000000000000003000000000000
00000000000000000000002000000000I00000000000000000
0000000000000000G000000000000000300000000000000000
00000000000000000000000000000000000000400000004000
00000000200000000000000020000000000000000000100000
00000000000000000000000000000000000000000040040000
00000002000000030010F00000000000000000000002000000
00000000000000000000000000000000000000000000000000
00000000000000000000030003000000G00000000000040000
00000000000000000000000000000000000000000000000000
000E0000000000000G00000000000200000000000000000001
00000000000000000000000000000000004000000000000000
00000000000000000000000000000000000010000000000000
00000000000000000000000000000020000000000000000000
00000000000000000000000000000000000004000000000000
0000F000000000020000000340000000000000000004000000
00000000000010000010000000002000000000000000000000
00000000000000000010000000000000000000000000000000
000000000C0000000004000000000000000300000000000000
0000000000000000000000E000000000000000000000000000
00000000000000000000000000000000000001400000000000
00000000000000000000000000000000000000000000000000
00000000005000440000000000000000030000000000000000
00000002000000000000100000000000000000030000000000
00A000000000000C0000000000000000000000000000000000
000000C0000000G00000000000000000000000000000000020
99788839599475986888996399585677449304609918882436
