10011111101011000001111000110100111010100001210011
10111001010000001110101110111110010011100101011100
00100101010111101011111011101000011101000111011111
01000001101000011110010000010010011010101100000000
01001110011110000010101110101100001001010100010000
10111011000101001000100001001111110000001010101100
00011111001000111001110111110000001001110101011010
01011001000011111011101000011110000101101111110101
01100010110010101100011100100101010011010111001100
10010001110011100010110001000001010010010010100100
00111100001010111000131100000001110100110011011100
11010111010001311011104001100101010010110110000100
0101001111010010110111000000A011010111010000000100
10000101101110000010011100001010111011100101010001
00111010013100010110011110100110110001000110000010
00111010001101000101100010001000000000000010110110
01411000011010000100111110000001011100000001000001
11011001100110000111101000000100100100110000100111
1110101100110A100000100011000001011110101010101030
01110010000100000000010001100110100101111011100000
11100000100010110110001001111000100000100000111001
11110100000001111100011101101110001001110101000101
10011001011100011100001010001110101111111111011001
00011001000111000101011111010011010101010000111110
0011110A111000001100101011111000011011010110000000
01000000000111000001001110110100001111110101000000
01101011100101002100011101011010101101110000010101
01011101100110010000100000100111100000100011010100
00110011101101100100001101010111100110110000110100
01001101041101101100001110111111000101100111001001
10011011100101111101011001111101101101010101010001
00000110010011100011001111011010100011011100110000
00110000000110111001010000011010001100100100001000
11001010010100110010111001001101011001000110100000
01001000011110310001010110000100101111101010011111
1010110111100011A000111110111111010101110030001000
10000110000111011001111110010112110110100101001101
00100010011010001000200111011101110101010001001020
01010011100100001001100100010101110101001100110101
01111101110101111010010100001100011001101010000111
10001111100011110010101101010100100110100110101111
11001000110100010100110011111011410111010011111100
10111000000000011111111010011000001001001101111001
11100111111101111000011500101011101100111101000010
14010100101111100110100001101100111000010011111110
01111001111101111110011101000111111011001000011010
01001110100011100100211011100011100010000000010100
11100111111111000100111011110010002111000A01111011
01010001111111101100010110111010011101000001111101
00111100010000111100101111010101111010100010010001
