00000000010000400200000020000000000000000001000000
00000002010000000000300000000000000000000600000000
00000000000010000000000000000001400000060200000000
00000000000000000001000000000000000300000000004400
02200000000000000000000000000000002000000000000000
00000000000000000000000000000200030001000003000000
00000000000000000000000000040003000000000010000000
00000000000000000300000000000000030000000100020000
00000000000000000000000000000400200000000001000000
00000000000000000000000000000000203000000000000000
00000000000000000000020000000000000100000004000000
0000C000000000400000000200000000000000000003000000
00000000000000000000000105000000100040000000000000
00000000000000000000000000000400000000000000000004
0000000000E000000000G00000200002000003000000000000
00000000000000000000000000000003000000B00000000004
0003000000000000C000000030000000004000000000200000
000000000000D0000000000000000100000000400000000000
00000000000000000000000000000000000000000000010020
00000000000000000000000000000000000000000300000020
0000000000000000000000A000000004000000000104002002
10000000000000000000000000000000000000000400000000
00000000000000000000000020000000000000020000000000
00000040000000000000000000030040000000000001000000
00000000000000000000000000000000000001000000000300
00000000000000000000000000000000000000000000000003
0000020000000000000000004000000000C000000010000000
00000000000002000000100000000000000000000000000000
00000000004000000000004000000000000000000040002000
0000000000000000000000030000J000300000000000000000
00000000000000000000000000000000000000000300000003
00000002000000000000000000000000000300000000000000
00000000000000000000000000000000000000000000000100
00000000000000000000000000000000000000000000000000
00000000000C000000030000000000000000000000004000E0
00000004000000000000000004000000000000000000012000
00000000000000000000000000000000000000000000000000
0100000000000000000000000000000000000000000000000F
00000000000000000000000000000000002000000000000000
00000000000000000000000000000000000000000000000000
00000000D00000000000000000000000000000000000000000
000000000000000000000000000000000000000000000000C0
000000000000000000000000000000000000000000D0000000
000D0000000000000000000000000000000000000000000000
00000000000000000000000000000000000000000000000000
000000A0000000000000000E00000000000001000B0000C000
00000B00000000000000000000000000000400000000000000
000000000000000000010F0000000000000000000000000002
00000000000000000000000000000000000000040000000030
97768838397475946888982299354564434004409918882436
