00440000000000000000000000000000000000000000000000
70000000000000400000000000000000000000000000000000
02000000000000000000000000000000000000000000000000
04300000000000000200000000000000000000000000000000
04000000000000000000000000000000000000000000000020
10000000000000000300000000G00000000000000000030000
03000000000000000000000000000000000000000000000000
02000000000000000000000000000000000000000000000000
00000000000000000000C00000000000000000000000E00000
000000000000000000000000000002000000000000000000B0
00000010000000006000000000000000000300000000000000
00000000000000000000000000000000000000000000000000
C0000000000000000000000000000000000000000000000000
00000000000000000000000000000000000000000003000000
00000000000000000040000000000000000000000000000000
00000000000000000000000000000000000000000000000000
00H000000000000000000000000050000000000000C0000000
00000000003000000000000000000000000000000000000000
000000002000000000003000000000H0000000000000000002
00000000000000000000000000000000000100000000000000
000000000000000100000000000000000A0000000000000000
00000000000000000000000000000000000000000000000000
00000020020000000000000000000000000000000000000000
00000000000400004000000000000000000000000000000000
00002000000000000000000000000000000000000000000000
00000000000000000000000000000000000000000000000000
02000000000020020000000000000000000000000000000000
30010000000000000000000000000000000000000000000000
0000000000000000000000D00000000000000A000000000004
00000000000000000000000000000300000000000000000000
00000000000000000000000000000000000000000000000000
40000000000000000004000000000006000000000000000002
00000000000000000000000000000000000000000000004000
00000000000000000000000000000000000000000000000000
00000000000000000000000040000000000000000000000000
00000000000000000000000000000000000020000000000000
00000000000000G000000000000000000000G0000000000400
00000000200000000000000000000000004000000000000430
E000000000000000000000000000000000300B000000000000
00000000000000000400000000100000000000000000000004
0004000000003000000000000000000100000000000000I010
00000000000000000000000200000000000000000000000000
0000000000000000000000000E000000403000000000000000
00000000000000000000000300000500304000000000000000
00000000000000000000000000020000300000000000000000
0060000B000000000000C00000000001000100600000400000
000003000000000000000000H0000000000040000030000000
00000000000000000000000000000G0100004000000000F010
000000000000E000000000000000H010000000000300000400
77668808397275646785982219044560334004004618780134
