00000000000E0002000000B000000000000000002000000001
00000000000000000000000000000B00000000000000000000
00000004000000000000000000000000000000000000000001
00000000000000000000000000000000001000000000000040
000000020000E0000000000000000000000000010000000000
00000000000000000000000000000000000000000000000000
00020000000000000000000000000000000000000400000000
00000000000000000000000000000000000000000000000000
000002000000000000000000000000000000000000000000C0
0000000000000000E000000000000000010000000000000000
00000000000000000000000000000000000000434040300000
00000000000000000000000E000000000000013000000H0000
30000000000000000B00000000000E00000000010000000000
00010000000000000000000000000040000000000000000000
00000000000000000000000000000000000000000000000000
000000000000000000000000000F0000000000000000000000
000000000000000000000000000000000000F0000000000000
000D0000000000000000000000000000000000000000000000
0000D000000000000000000000000000000000000000000000
000000000000E0000000000000000E0000000000000E000000
0000G000000000000B00000000000000000000103000000000
00000000000000000000000000000000000000000000000000
300000000000020000000000000000D0000000000001000000
00000000000020000000000000000000000000000000000030
000000000000000000000E0000000000000000000000000000
00000000000003000000000000000000004000000000000000
00000000000000000000000000000000000000000000000000
0000200D00000000000000000000E000000000000000000000
000000000000000000000020E0000000000000000000000000
00000000000003000000000000000000000000030000000040
40000H000000000000000000000000E00E0000000000000004
70000000000000000200000000000000000003000000000000
300E0000000000000000000000000000000000000000000000
02000000000000001000000000000300000000000003000000
04000000000000000D00000000000000000000000010000000
04000000000000000000003000000000001000000000200000
00010000000060000000000000000000000000000300000000
00100000000000000000000000000000000000000000000000
04000100000000000000000000000000000002000004310000
0000000000000010000000000E045000000000000000000000
00010000000I000000000000010200G0000002000000000000
20000000000000000000000000000000000000000100000000
0000000000000100E000000000000000000500400000000G00
04000001000000000000000000000000000000000000000000
000200040000200000000000C0000000000000000000000000
00010000700000000000000000000000000000000000000000
40000020200000003000000001000001001100040300000004
04000000402000000000000000002010000700000000000000
30000000000000000000000000000400000000000002000000
77768838397475646785982259344563434004008918880136
