00000000020000000000000000000000000010000001200000
0000000000000000000000A000000000000300000000000000
00000000000000000000020300000000000000020000000000
00000000000000000200000000000000000000000000000000
B00000A0000000000000000000000000C00000000000000000
00000000000000000000000000000000000000000000000030
00000000000000000000000000000000000000000000000000
0000000A000000000000000000000000100000000000000000
00000000000000000000000000000000000000000000403000
20000000000001000000000000000000000000000000000400
00000000000000000A00000001000000000000000000000000
00000000000000000000000000000000000000000000000000
00000000000000000000000000000100000000000000000000
00000000000000000000000000000000000000000A00000000
00000000000000000000000000000000000000000000000000
000000000000000040000000000D0000000000000000000004
00000000000000000000000000000000000000020000000000
00000000000000000000000000000000000000000000000000
00000000000000000000000000000000000000000000000000
0000000000000000000000000000000000000000A000000000
0040000000000000000000000000B000000000000000000000
00000000000000000000000000000100000000000000010014
00000000000000000D00000400000000D00000020000000000
0000000000000000000000000000000000000000A000000000
00000000000000000000020000C00000000000000000000000
00000000000000000000000000000000000000000000000000
00000000000000000000003000000003000000000000000000
00000000000000000003000000000000000000000000000000
00300000000400000000000000000000000000000000000000
00000000000001000000000000000000000000000000000000
000000000000000000000000000D0000000000000000000000
00010000000000000000000000020000000000000000000000
00000040000000000000000B00000000000004000000000000
2000000000000000000000000C000400000000000000000000
00000000000000000000000000000000020000000000000000
00031200000300004000000000000003000000000000000000
03000000001000A00000000000000000000000000000000000
03000000000000000000000000000000000000000000000000
00000100430200040000000000000000000000000000000000
02000000000000000000000000000000000040A00000000000
21000007000030000000000000000000000000000000000000
13000040000000000000000000000000000000000000E00000
00100000010004000000000000000020000000000000000000
4000030030000000A000000000000000000000000000000000
00002000000001301000000000000000010000000000000000
04000000400200000000200001000000000000000000000100
00000100002104000000000000000000000000000003000000
00200000000200000400000000000000000000000000000000
04002404000020000300000000020000000000000000000000
77668807397265626743972117044560314000004218770104
