00000000000000000000000010000000004000000001000030
00000000000000000000000000000000001000000000020330
00000000000000000000000000000000000002014000000001
00000000000000000000000D00000000010000000400000000
00000000000000000000000000000000200000000004400010
0000000000000000000010000D000000100000202000000000
00000000000000000000000000000040000000000000400000
000000C0000000000000000000000000400000031003003030
00000000000000000000000000000F00000000020000002000
0000E000000000000000000000000000002000000000000000
000000000000000000000000000A0000000601006000000000
00000000000000000000000000000000002000020000400030
00030000000000000000000000000000000000000004000020
00000000000000000000000000000040000000000001000001
002100B0000000000000000000000000000000100130000000
20000000000000000000000000000000000030000000000100
30000000000000000000000000000000C00000020001030203
00010000300000000000000000000000B03000000003000010
4000001000000000H000000000000000000000000000303000
00000440000000000000000002000000000320004330403000
000000000000000000D0000000000000000000001400000200
0000003000000C0000D0000000000000000000004000000000
0000B000000F0D000000000000304000100001000000000000
00000000300000000300000001000500000000000000010050
004010005B0000000000A00000200300000020003000010000
40300000000010000000000000000020400030050000000000
01000100100000011000004000010030201030000000000000
00000002002200000000000000000003000000000000000005
00404000040230000010000000000000000000000000000020
00003030000000050001000000033000000000000000400000
00000003030000000020004000000000001300000001000000
00008000000300000000000000000040040000000000001000
050003A0000000000030000000040000000000000000000000
04000000000650200040000000001004101400000100000000
03140000200000000000002000300000000020000000001000
00040000000000000000000010024000000000000000000240
03000000000003010000000002003010200000003000000400
03002400000024020000000000000000000004030004300000
11000000000030000000400000106000000010005000000130
00000003000000000001100020000000000000030040001000
00000710000000000100002000000000000000007000000000
01000000000020000030001030000300000000000400003000
00110000100000000000000000402000200000400000000222
00000000004005100000003000023000440000702013000201
00002030004040000030001000000000000000003020000005
00100000000000040000140004030000000000000000304000
00030000000040000000000000001000000003300000006000
03000000000002020030000006001201000000005000010300
00000000000000100000000140000000001000020000000030
77668807087134616713572107040560314000000216770100
