0E000000000000030000000000000000000000000020000000
00000000000000000000000000000000000000000000000000
00000000000004000000000000000000000000000000000000
0000000000000000000000H000000000000000000000000000
0000000000000040000000000G000000000000000000000000
0000000000000000000000000000000000000F000000000000
00000000000000000000000000000230000000000000000000
0400000K000000000000000000000000000000000000000000
00000000001000000000000000000000000000000000004000
0000C000000000000000000000000000030000000000000000
0000000000100000000000000000000D000000000000000000
00000000000000000000000000000000000000000000000000
0000000000000000000000B00000000000000000000000H000
00000000000000000000000000000000010000000000000000
00000000000000000000000002000000000000000000000000
00000000000000000000000000000000000000000000000000
00000000000000000000000000000000030000000000000002
00000000000000000000000000000000010000000000F00000
13010000000000030000000000000000000000000000000001
00000000000000000000000000000000230000000000000000
00000000000000000000000000000000020004000000000000
0F000000000000000000000000000000000000003000000100
0100000000000000000000000000000000000000000G000000
00000000000000000000000000000000000000000000000000
00000000000000200000000000000000010000000000000000
000140000E0000000000000000400000000000000000000000
00000000000000000000000000000000000000000000000000
00002000000000000000000000003000000000000000000000
00000000000000000000000002000000000000000000000000
0000004000000000000000002300000000000000000000L000
00000000000000000000000000000000010000000000000000
00400000000400000000000000000000000000000000000000
00000000000000000000000000000000000000000000000000
0000000000000000000G000000000000000000000000000000
00000000000000000000000000000000400000000000000000
00003000000000000000000000000000000000000000000300
00000000000400000000000000000000000000000000000010
00002000000000000001000000000000000000000000000000
00000000000000000000000000000000000000000000000000
0000000000000000000000000000000000000000000000B000
00000000000000000000000000000000000000000000000000
00000000000000000000000000000000000000000000000000
300000E0000000000000000000000000000000000000004000
000000000000000000000000000000400000000G0000000000
00000000002300010000000000000000000000000000000000
00000000000000000000000000000000000000000000020000
0000000000000000000000I000000000000000000000000000
00000000000000000000000000000000000000000000000000
00000000000000000000000000000000000000000000000000
99888879599675988888998399785677549395609918889636
