00040000000000000000004000200000000000000020020400
70000000002000300020000000000010000000000000000100
00000000000040200000000000000000000001300000200000
00000000000000000000000000200000003000000000000000
00000000000000040000000000000000000030000420000000
10000000000000000000000000000000000000000000000000
000000000400F0F00000000000001000000000000000000000
0000000000000B000000000200000000000000000000000000
0000003000000CC00000300000000000001000000000040000
00000000000000004000000100000300000000000000000000
00031000000000000000000000000000000000000000000000
00000003200000000000000000000000000000002000000000
00000000000304040000000010000000000000000000000000
00000000206000000000000000001002000000001000000000
03010400000000400000000000000000000000000003030000
00000000300000000000000000002000000000000000000040
000100000000000000000000000000000200040000000G0000
00000000000000300000000000000000000000000000000000
000000000000000000000000000000000000000000000E0020
4000020000000000000000000000000000000000000F00F000
00000000000000000000030000000000000002000000000030
0000000000008000010000001000000000000000FB00000000
00000000000000000000000003000000000000000FC0000000
0000000030000000000400000000000300401000F0E0000000
00000000000000000000004000000000020000BG0000000000
00000003000000000003000000300003000003C00000014000
00040000000000000000000000000440000000000000000000
00000330000000000000000000000000000000000000000000
00000000000000000000400000000000100001001003000000
30000B0B00H000000000000000000000000000000000000000
00000BBCG00000000000050000000000003000000000000000
000000C4GG0000000000000200000000000000000000010000
00000000E4HH00000000020000200000000004000000011000
00000020000000000000000000000000000000007000000010
0CF00000000000000000000000000000000000000001000000
00004000000000000000000300000000100000000000000000
00000000000000000000000010000000000000000000000300
00001040000000000000000300010000000000000400000030
00000040000000000000000000000000013000000000000000
00000000000000100400000000000000000000000000000004
00000000300000000000000100300001000000020000000000
00000000000300000000000000000000000000000000000000
10000000000000000000000000000000003000000000000000
00000000000000000100000000000400000000000000000000
00000000000004000030000000000000300000000000000000
00000000000004400000000000000000000100000000400000
00050000000000000000000000000300000000000004040000
00000000000000000000000000000000000000000000000000
00000000000010000000000000400000000000000000000000
77668807397275626785972219044560314004004618780134
