0000100000000000100D00000000000000000A000000000040
10002000000004004000000000000000000000000000200040
04000000011000000000000000020000200B00E00000050000
00001040000000000200000000000000000000000000000000
00200100000010000070000000000000000000000000000000
00000000000302000000000000000000000000000000000020
00300002000000000000000000000000000000000000000000
00000100000030004000000000000000C00000000000000000
00014020000032000000000000000000000000100000000000
30000000000000000000000000000000000010000000000000
00600003000000000000000000000000000000000000000000
00000000000000000000000000400000000400000D00000000
002200000000000002000000000030E0000000000000000000
00000000300000400000000000000000000000000000000010
00000000000000000000000B00000000000000000010000000
100000000000010B0000040300000020000000000000030000
04000032000000030000000030000000000000000000000000
00002000000000000000000000020000000000000000400010
00080030000020003004000000000045001000000000000000
00000034000000E00000000000000000000000000000003000
00000000040C00000000001030000000000000000000000000
00420030000000000000000000000000000000000000000300
00000200000000A00000000440000000000000000000030300
00000000000000000000000000000120000000400000000004
00001000000000000000000000000300000000300000000004
10100000000000000000000000004000000000000000000000
00000000200000000000000000000010304000030000000000
00000000000000000A00000200200403000000000000000000
00001000000000000000000000000000000000000010000000
0300000020300000000B000000000003000000000010020000
00300000000000000000400003000000000000000030000000
00000000000000000000000000000000004000300000001000
0030000A00000004000000000000000000B000000500000000
00000000000000000002000000000000000000000030000000
0000000000002000B000000000000000000000000000000000
00300000300000000000000001000000000000200000430000
001030000220000000000000100000000000000020000000C0
22200000000000000000000000000000000000100000000000
00000000304100000000000000000000000000000000000000
01401100000000002000000000000000000040000000200000
00003000000030000000000000000000000000000000000000
00030100104000000000000002000000C00000200000200000
00000000000000000000000000000000B00000020000000000
0000000000000000000000000050300000000020000B000000
00000000100000000000000000000000000000000000000000
00000000000000000000000000000000000000100000000000
00000000000000000000020003000304033400004000000000
00102100002000000000000000000000044000000000000000
00000100000000000010200000000000000000002004000000
35648504087134116410102007000504352100540010440100
