00000000050000000000000000000000000H00000D00000000
0000000000000H000030004000000000000000000100000000
00001000000000000000000000000000000000000000000000
00000000000000000000000003000001401000000000000000
00000000000000000000000000000000000000000000000000
01000000000000000000000000200000000000000000000100
0000000000000000E000000000000000000000000000100000
0C00000000000000H000000000000000000000000000000000
00000000000000000000000000000000000000000000000000
00000000000000000000000000440000000000000000000000
00000000000000000000000000000100000000000000000000
000F0000000004000030000000040000000000000000000200
00F0000000000000000000020000000000E000000400000000
0000000G000000000000003040000000000000000000000000
00000000000000000000000000040000000000000000000000
00000000000000000000000000040000000000000000000000
0000000000EF00000000000000000000000000000000000000
00010000000000000010000004000000000000000000000000
00000000000000000000000030002000000000000000000000
0003000000000000000000000000020000000000000000G000
00000000000000000000000000000000000000000000300000
00400000000000010000000000000H00000000000000000000
0000000000000000000000000B000000000000000000000003
00000400000002000000000000000000020000000000000004
00000000000000000000000000000400000000000000000000
00000000040000200000000000000000030000000300000000
000000000000000000000E0000000000000000000000000000
00000000000000003000000000000000000300000000000000
00100000000000000000000000000000000000000000000000
00000000000000000000000C00000000000000000004000000
00000000000000020000000000000400000000000000000000
01000000000000000000000000000000000000000000000000
00000000000000000000000000000000000000000000000000
0000000000000000000000000000G200000000000000000000
00000000300000E00000000000000000000000300000000000
00000000000000000000000000000000000000000000000000
000020000010000000000J0000200000000000000000000000
000000300000000000F0000000000000000000000000000000
00000000000003000000000000000000000003000000000000
00000000000000000000000004000000000000000D00040000
00000000000000000000000000000000000000000000000000
00004000000000000000000000000000000000000000000000
00000000000J00000000004000000000000020000000000000
00000000000000000000000000000000002000000000000000
00320000000000004000000000000002002000000000000000
00200000000000000000000020000004000000001000040000
00000000000000000000000000000000000000000000000000
00000000000000000000000000000200000000000000000031
00000000002000000000000000000000000000000000000000
97788839597475986888992299584567437304609918882436
