00040000000000000000004000200000000000000020000400
70000000002000300020000000000000000000000000000100
00000000000040000000000000000000000001300000200000
00000000000000000000000000000000000000000000000000
000000000000F0000000000000000000000030000020000000
10000000000000000000000000000000000000000000000000
00000000040000000000000000001000000000000000000000
00000000000003000000000200000000000000000000000000
00000030000000000000000000000000001000000000040000
00000000000000004000000100000000000000000000000000
00031000000000000000000000000000000000000000000000
00000003200000000000000000000000000000002000000000
00000000000304040000000010000000000000000000000000
00000000200000000000000000000002000000001000000000
03010400000000400000000000000000000000000003030000
00000000300000000000000000002000000000000000000040
00010000000000000000000000000000000004000000000000
00000000000000300000000000000000000000000000000000
00000000000000000000000000000000000000000000000020
40000200000000000000000000000000000000000000000000
00000000000000000000030000000000000002000000000030
00000000000080000100000010000000000000000000000000
00000000000000000000000000000000000000000000000000
000000003000000000000000000000030040100000000E0000
00000000000000000000004000000000020000000F00000000
00000003000000000003000000000003000000000000004000
00040000000000000000000000000400000000000000000000
00000030000000000000000000000000000000000000000000
00000000000000000000000000000000100001001003000000
30000000000000000000000000000000000000000000000000
00000000000000000000030000000000003000000000000000
00000F04000F00000000000000000000000000000000010000
00000000040000000000020000200000000000000000001000
00000020000000000000000000000000000000007000000010
04100000000000000000000000000000000000000000000000
00004000000000000000000300000000100000000000000000
00000000000000000000000010000000000000000000000000
00001040000000000000000300010000000000000400000000
00000040000000000000000000000000013000000000000000
00000000000000100400000000000000000000000000000004
00000000300000000000000100300001000000020000000000
00000000000300000000000000000000000000000000000000
10000000000000000000000000000000000000000000000000
00000000000000000100000000000400000000000000000000
00000000000004000030000000000000300000000000000000
00000000000004400000000000000000000000000000400000
00050000000000000000000000000000000000000004040000
00000000000000000000000000000000000000000000000000
00000000000010000000000000400000000000000000000000
77668807397275626785972219044560314004004618780134
