00000000000000000000000000000000000000000000000000
00000000000000F00000000000000000000000000000000000
00000000000010100000000000000000000000030000000000
EG000000000000000001000000000000000000000000004000
00000000000000000000000000000000000000000000000000
00E00000000000000000000000000000000001000000000000
00000000000000000000000000000000000000000000000000
0000B004000000000000000000000000000000000100000000
000000000004000D0000000000000000000000000001000000
00000000000000000000000000000000200000000000000000
00000000000000000000000000000000000000000000000000
00000000000000000000000000000000000000000000000000
00000000000004000000000000000000000D00000000000000
00000000000000000000000000000000000000000000000000
00000000000000000000000000000000000000000000000000
0000000000000000000000000000000000000000F000000001
00000000000000000000000000000000000000000000200000
00000F00000000000000000000000000000000000000000000
00000000000002000000000000000000000000000000010000
00000000000000000000000000000000000000000300000000
000000000000C0000000000000000004000000000100000000
00000000000000000000000000000000000000000000000000
00000000000000000000000000000000000000000000000000
00000000000000000000000000000040000000000001000000
00000000000000000000000000000000000000040000000000
00000000000002000000000000000000000000000000000000
00000000000000004000000000000000000000100000000000
A0000000000000000000000000000300000000000000000000
00000000000010000000000000000000000000000000000000
00000000000000000000000000000000000000000000000C00
00000000000000000000000010000000000000000000000000
004000000000000000000000000400000A0000000000000000
00000000000000000000000000000000000000000000000100
00000000000000000000000000000030000000000000000000
00004000F00000000000000000000010000000000000000000
00000000000000000000000000000000000000000000000000
00000000000000000000000000000000000000000000000000
4B100000000000000000000000000000000000000000000000
00000000000000000000000000000000000000000000000004
600000000E0000000000000000000000000000000000000404
00010000000000000000000001000000000000000000000020
5000E00000000000000400000000G000000000000000001000
4000000000000400000000000000000000000E000000003401
04000020000001030040000000000000030000000000000000
00020000000J00040000000000000000000000000000000002
00360000700000000200000000000G00000000000000000000
40000070200003000000000000B0I00000000BB00000000000
05404001405600000000000000000000000000000000000102
30000002000010000000000000000000000000000000000000
97768838397475946888982299344564434004009918882136
