00000000000000000200000000000000000000000001000000
00000000000000000000000000000000000000000400000000
00000000000010000000000000000000000000030000000000
00000000000000000001000000000000000000000000004000
00000400000000000000000000000000002000000000000000
0000E000000000000000000000000200000001000000000000
00000000000000000000000000000000000000000000000000
00000004000000000000000000000000030000000100020000
00000000000400000000000000000000000000000001000000
00000000000000000000000000000000200000000000000000
20000000000000000000000000000000000000000003000000
00000000000000000000000000000000000000000000000000
00000000000404000000000100000000000000000000000000
00000000000000000000000000000000000000000000000000
00000000000000000000000000000002000000000000000000
00000F00000000000000000000000000000000400000000001
00000000000000000000000000000000004001000000200000
00000000000000000000000000000100000000000000000000
00000000000002000000003000000000000000000000010020
00000000000000000000000000000000000000000300000020
00000000000000000000000000000004000000000104002000
00000000000000000000000000000000000000000000000000
00000000004000C00000400020000000000000000000000000
00000000000000000000000000000040000000000001000000
00000000000000000000000000000000000000040000000000
00000000000002000000000000000000000000000000000000
00000000000000004000000040000000000000100000000000
00000000000000000000000000000300000000000000000000
00000000000010000000004000000000000000000000000000
00000000000000000000000000000000000000010000000000
00000000000000000000000010000000000000000000000000
0A800000000300000000000000040006000000010000000000
00000000F00000000000000000000000000A00000000000100
B0000000000000000000000000000030000000020000000000
00004000000000000000000000000010000000000000000000
00000000000000000000000000000000000000000000000000
00000000000000000000000000000000000000000000000000
00110000000000000000000030000000000000000000000000
000000000000000E0400000000000000000000000000000004
600000000000002000000000000000G0000000000000000404
00010000000000000000000001000000000003000000000020
50400000100001000004020000000000000000000000001000
4000000E0000040000000I0000000000000400000000003401
040000200000010300400000000B000003000B000000000000
0002000000000J04002000002000000030000B000000000002
00360032700000000400000000000000000000000000000000
40001070200003000000000000001G00000000000000000000
05404001405000000000001000000000000000000000000102
30000002000040000000000200000000000000000000000000
97768838397475946888982299354564434004009918882436
