00000010040000004000001001010040000000000000000000
03000000000000000000000000000000000000300000000000
40000000000000000000000000000400000002000000050000
00000000000000000000000000000000000000000000000000
00000000000000000000000000000020000000000000000000
00000000000000030000000000000000000000000000000000
00000000000000000000000000000000000000000000400A00
00000000000000000000000000000000000000000000000000
0000000000000000000000000000000020000C000000000000
00000000000000000000000000000040000000000000000000
00004000000000000000000000400004000000000000000000
00000000000000000000400100000000010003000000100000
00000000000040000000000000000000210000003000000030
00004000000000000000000000000000000000002000000010
00000000000000000000000000000000000000000000000000
00000000000000000000000000000000000000000000000000
20000104000000000000300000000000000000000000000000
00000102000000000000000000400000000000000001000000
0000000000000000000330000000C000000000000000000000
000000030000000000000000A0000070040000000000000000
00030000000000000000000000000000000010031000000000
00000000000000000000000000000000000000000000000000
03000000000000000000000000000000100000000000030000
00000000000000000000000000000000020000000000000000
00000000020000000000000000000000020000000000000000
00000304000000000000000000000000000000000000000040
00000000000000B00004000000000000300000000200000002
00000000100000000000002000000000002000000000000000
003000000000000003000000000C0000000000000000000000
00004000000000000040000000000010000003000000000000
00000000000000000000600000000000000001030000000000
00000000000000040000000000000000000000000000000000
0000000000400000000000000020000000000000B000000000
00000000000000000000000000040000000000000000000000
00000000000000000000000000000000000000000000000000
00000100000000000000000000000000000000000000000030
00000000000000010000000000000000100000000000000300
00000000000000000000000000010000000000000000000200
00000000000003000000000000300020000000000000000000
00000000000000000000000030000000000000000000000000
00400000020000000000000001000000000000000000000000
00000000000000000000000000040400000000000100000001
00000000000000000000000A00000000000000000000000000
030000000000000000000A0000000100040000000000000000
00000000000001000000000002000001004000000000000000
00000000000000000000000000000000000000000000000000
10000000000000000000000000000000000003000000100000
00000000040000000040000000000000000000000000000000
00030000000000000000000000000000000000004000000000
55668504087134516710132007000500000000000214770100
