04200300000E00000000000000000000000000000400000000
000000300000000000000000000000000000000000000F0000
00000000000000000000000000000000000000000000000000
00000002000000000000300000010010000000000000000000
000000F0000000000000000000000000000000000000000C00
00000000000000000000000000000000003000000000000000
0000000000000000000G100000000000000000000000300000
00000000000000000000000000000000000000000000000000
000002000000C0000000000000000000000000000I00000000
00000000000000000000000040000000000000000000000000
00000000000000000000000000000000000000000000000000
0000000000000000000000000F000000000000000000000000
0000000000000000I0000000000000000000001000000000I0
00E00000000000000000000000000000000000000000000000
00000000000000000000000000000000000000000000000000
00000000400000000000000000000B00000000000000000000
00000000000000000000000000000000000000000000001000
0000000000HC00000000000000000000000000000000000000
00000002000000000020000000000000000000000000000000
00000000000000000001000000000000100000000000000000
00000000000000000000000000000000000000000000000000
0000000400000000000000030IE00000000400000000000000
00000000000000000000000000000000004000000000000000
00000000020000000000000000030000003000000002000000
00000000000000200000000000000000000000004000000000
00000000000000000000000000000030000000000000000000
00000000000000000000000000000000000000000000000000
00000000000000000040000000000000000000000000000000
00000000000004000000000000000000000000000000000000
00000000000000000000004000000000000000000000000000
00004000000000040000000000000000000000000000000004
00000100000000000000000000000000000000000000000030
00000000000000000000000000000000000000000000000300
00000020000000000000000000000000340000000003000000
00000000000000000000000000000000000000000000000107
0000000000001000000I000000000000000040000300000000
00000000000000000000000000000020000000000000000020
00000001000000000000000000000000002000000000000000
00000040000000000000000000000000000000000004000000
00000000004000000000000000002000000000000000000000
000000000000000000000000000000000C0000000000000000
00000000000000000000000000002000000000000000000000
0000000000000H000000004000000000000200000020000000
40000000000000000024000000000000000000000000000000
00000000000000200000010001000000004000000000000000
00000000005000000000000000000000003000000000000000
000000000030000000000000000000000000000000000000F0
000000000000000000020000000000300000000000000000H0
0000000000000000040000000000000000000000000000000L
97788839599475986888996399584667437304609918882436
