00500000000000004000000000000000000000002000000000
04030000000000000004000000000000000000300000000000
00000000000300000000000000000000104000000000000200
00000000200000000000010000000000001000000000000030
00000002000000000000000000000000100000000020000000
00000000000000000200000000000000000000000000000000
00000000000000000000000000000020000000001000000000
00200000000000000000000000000000000000000000000000
0000000003000000000000000000000000000040H000000000
00000000002000000000000000000000000100000000000000
00000000400000000000000000000000000000000000000000
00000000000000000000000000000000000000000000000000
300043000000001000I00000200000000D0000000003000000
00000500000000000000000000000000000040000000000000
04000200000000004000000000000000000000000000000000
00000000000040000000000000000000000000000000000000
0000000030000000000000000000000000000000000000G000
00000000000000000000000000002000030030000000000000
000000000000000000040040000000000000020000000H0000
00000000001300000000010500000000000000000000000000
00000000000000000000000020000000000000143000000000
00000000000000000000000000000000000000000000000000
0000000000000000000000100020000000000010000100G000
00000000000000002000000000000000000000000000000000
00000000000000000000000000000000000000000000000000
00000000000000000000000000000000000000000000000000
00020000000000000000000000000000000000000000000000
00000000000000000000000000000000000002000000000000
0000000000000000F000000000000000030000000000000000
000000000E0000000000004000000000000000030000000000
000000F0000000000000000000000000000001000000000004
00000000000000000000000000000000000100000000000000
00000000000000000000000000000000000000000000000000
00000000000000000000000000000000000000020003000000
000000000G0000000022000000000000000000000000000000
000000000000000000000000000000000100000000B0200000
0004000F00000004000000000000000000000000G300000000
000000000000000000F0000000000000000000000000000000
00000000000000000000000000000000000004000004000000
30000000000000000000000000000000000000000J00000300
00000000000000000000000000000000000000000000002000
00000000000000000000000000000000000000000000000000
40000000000000000000000030000000000000001000000010
04000000000000000000000000000000000000000000300000
00020004000000000000000000000000000000000000000000
000100007000J0000000000000000100010000000000000000
400000702000000000000000000000000010000003G0000000
04000000402000000000000000000000300G00000000000000
30000002000000000000000000000000000000000002000000
77768838397475646785982259344564434004009918882136
