00001000000000000000010040000000030400000001000000
100020000000040000000000000303000280E00000000C0A00
04000000001000000000000000050000000020200000000000
000010000000000000000000000000000400100000C0F00000
002000000000000000300000000000000030000000E0000000
00000000000302000000000000000000000000000000040000
0030000200000000000000000000000B000000000000000000
00000000000030004000000004000000000000000000000000
000140000000020000000000000000000000A0000000000000
30000000000000000000000000000000000000000000000000
00600003000000000000000000000000000000000000000000
000000000A0000000000000000000000000000A00000000000
00220000010400000000000000000000200000000000000000
00000000000000000000000000000000000100000000000000
00000000000000000000000000000000000000000000000000
10000000000000000000040300000000000B000000000000B0
040000320000000B0000000000000A00000000000000000000
00002000000000000030000000000000000000000000400000
00080030000000000000000000000000000000000000000000
00000034000000000000000000000000000000000000003000
0000000000000000000B000000000000000000000000000000
00420000000400000000000000000000000000000000000000
0000020000000400000A000000000000000000000000020000
000000000000000000D0B00000000000000000400000000000
00001000000000000000000000000000000000000000000000
00000000000300000000000000000000000000000000000000
00000000000000000000000000000000300000000000000000
00000000000000000000000000200000000000000000000000
0000000000000000040000000000000000000000000A000000
03000000000000000000000000000000000000000010000000
00000000000000000000000000000000000000000000000000
00000000000000000000000000000000000012000000000000
00000003000000040000000000000000000000000000000000
00000000000000000002000000000000000000000000000000
00000000000000000000000000000000000100000000000000
00000000000000000000000000000000000000200000000000
00000000020000000000000000000000000000002000000020
00000000000000000000000000000000000000000000000000
00000000004000000000000000000000000000000000000000
01400100000000000000000000000000024000000000200000
0000000000000000000040000C000000000000000000002003
00030100004000000000000000000000000000200000000001
00000000000000000000000000000000000020000000000000
0000000000000000000000000000300000030000000000C000
00000000000000000000000000000000000000000000000000
00000000000000000000000000000000000000000000000000
00000000000000000000020003000300003002000000000102
00100100002000000000000000000000000000000000004024
00000100000000000010000000000000000000000004000000
35646504086134116410101007000504352100340010400104
