00000010000000000200000020000000000000000001000000
00000000000000000000000000000000000000000600000000
00000000000010000000000000000000400000030000000000
00000000000000000001000000000000000000000000004000
00000400000000000000000000000000002000000000000000
00000000000000000000000000000200000001000003000000
00000000000000000000000000000000000000000000000000
000000E4000000000300000000000000030000000100020000
00000000000400000000000000000000200000000001000000
00000000000000000000000000000000203000000000000000
20300000000030000000000000000000000000000003000000
00000000040000000000000000000000000000000000000000
00000002000404000000000100000000100040000000000000
00000000000000000000000000000000000000000000000000
00000000000000000000000000000002000000000000000000
0000000F000000000000100000000003000000400000000004
00000000000000000000000000000000004001000000200000
00000000000000000000400000000100000000000000000000
00000000000002100000003000000000000000000000010020
00000000000000000000000000000000000000000300000020
00000000000010000000000000000004000000000104002000
00000000000000000000000000000000000000000000000000
0000000000400C000000400020000000000000000000000000
00000040000000000000000000000040000000000001000000
00000000000000000000000001000000000000040000000000
00000000000002000000000000000000000000000000000000
00200000000000004000000040000000000000100000000000
00000001000000000000000000000300000000000000000000
00000000000010000000004000000000000000000000000000
00000000000000000000000000000000000000010000000000
000002F0000000000000000010000000000000000000000000
0080000000030000000000000004000600A000010000000000
00000000000000000000000000000000000000000000000100
00000000000000000000000000000030000000020000000000
00004000000000100000000000000010000000000000000000
00B00000000000000000000000000000000000000000002000
00000000000000000000000000000000000000000000000000
00110000000000000000000030000000000000000000000000
00000040000000003400000000000000000000000000000004
600000000000000E0000000000000000000000000000000604
00010000000000000000000001000000000004000000000020
50400000100001000004320000000000000000000000001020
40000000000004000000000000000000000400B00000003401
04040420000000J30040000000000000030000000004000000
0005000000000004002000002000G000300000000000000002
00360002700000000400000000000000000000000000001002
400010E0200003000000000000000000000000B00000000000
054040014050000000I000100000B000000000000000000102
30000002000040000000000200000000000000000000000000
97768838397475946888982299354564434004009918882436
