00000000400000000004000100110000000402040001214011
00400000000000000000000010100000070000504231011100
00203002000000000000411001000000000000400141431111
00000300044000000000012070090000000001001101000400
00303000001010000000101110201000000000010020012000
00000000000000000300000404002000000000000000241100
00000000000000000000100000020300000010000041021030
00000000000000000001200000000000000000000201110122
00300000000000300000000000100000000000000011201100
00000000000000000000020000000000000001000400100400
00003000000000000000100000001100000000000011411103
00000000000000A00050004000000300000000000110401103
00000000001000000000300020000000000000000002000030
000000000000000000001000000000000000000001050A0001
00000000002000000000002000000000010000020000000014
00000000001000000000000000000000107000000000200000
24000330031000000000002000000000000000300003000000
00000400000000000000000020000000002000000000000001
00000004004000000040000000000000000200000002000030
00303000000000000000000000000000000000010000400000
00000000000000020000400000000034000000520000001001
00400000240000000000000000000000000001100100000403
00000000000000000000000000000000000000000000001002
00000000000000000000000000000000000001000000001110
00000220000000000000000030000000000000000110010000
00020003000400000300000001000000000000000024001002
0000000000000020000000000001000A000000000000000100
00000000030000000000000000000000A00000000000100004
0000100000000000000000000000000000000020000300000A
00000300000003000000000400000000000000000000000000
00000000000001000000000000000000000000000400300000
00000000000002000000000000050000020000000030000000
01000200200000000000000000000000000000000000000000
00000000001000000000000000400000003040030000000000
00000050000200000000000000000001000000200000000000
00000000000000000000000000000000000000000000000004
3003043030200003000A000000100000000030000000000000
00000006000000000000004000040000000000000000000000
00010004000003000100000200400001000000000000000400
03000000030400000000000000000030000000000000002600
00000020000000000040000000000000000010000000024000
01100000003000200000000000000000000000040000000200
00000000000000000100000002000000000000000040000000
00003000000000000000000100040000000000001000000010
00003000003000000004000000000000000000000072100008
00000000003000020000000100000000000000000040001000
50400000000020000000000000000002030000004014020000
00000000300000000000000000000000000001000000030000
00000000000020000000000000000000000101408144000000
02615500080100114110101403004101320030140010000000
