00000010040000004000000000000000000000000000000000
03000000000000000000000000000000000000000000000A00
00000000000000000000000000000000000002000000450000
00000000000000000000A000B0000000000000000000000000
00000000000000000000000000000000000000000000000000
00000000000000000000000000000000000000000000000000
00000000B000000000000000000000000000000000C0430000
0A000000000000000000C00000000000000000000000000000
00000000000000000000000000000000000004000000000000
00000000000000000000002000000040000000000000000000
00004000000000000000000000B00004000000000000000000
00000000000000000000400000000000000000000000000000
00000000000040000000000000000000200000000000000030
D0004000000000000000000000000000000000000000000010
00000000000000000000000000000000000000000000000000
00000000000000000000000000000000000000000000000000
00000004000000000000000000000000000000000000000000
00000002000000000000000000000000000000000000000000
0000000000000000200330000000000C00000000A00C000A00
00000000000000000000000000000030040000000000000000
000000B00040000F0000000000000000000010000000000000
00000000000000000000000000000000000000000000000000
00000000000000000000000000000000000000000000030000
00000000A000000000000000000000000200000000000000A0
00000000000000000000000000000000000000000000000000
00000000000000000000000000000000000000000000000000
00000000000000000004000000000000300000000200000000
000000001000000000000000A0340000002000000000000000
00000000000000000300000000000000000000000000000A00
00004000000000000000000000000000000003000000000000
00000000000000000000000000000000000001030000000000
00000000000000040000000000000000000000000000000000
00000000004000000000000000200001000010000000000000
00000000000000000000000000040000000000000000000000
00000000000000000000000000000000000000000000000000
00000000000000000000000000000000000000000000000000
00A00000000000010000000C000000000000000000000B0030
00000000000000000A00000000000000000000000000000000
00000000000003000000000000000000000000000000000000
00000000000000010000000000000000000000000000000000
00400000000000000000000000000000000000000000000000
00000000000000000000000000040000000000000100000001
00000000000000000000000000000000000000000000000000
03000000000000000000000000000000040000000000000000
00000000000000000000000000000000000000000000000A00
000000000000000600000000000000A0000000000000000000
10000000000000000000004000000000000003000000000000
00000000000000000040000000000000000000000000000000
00000000000000000000000000000000000D00000000000000
55668504087134516410132007000500000000000210440100
