00000000400000000000000000110000000402040001214011
00400000000000000000000010100000030000504231011100
00200002000000000000011001000000000000400141031111
0000000004400000000A012070090000000000001101000400
00003000000010000000101110101000000000010020012000
00000000000000000000000400002000000000000000241100
00000000000000000000100000020000000000000041021010
0000000000000A000001200000000000000000000001110122
00000000000000300000000000000000000000000001201100
00000000000000000000020000000000000001000400100400
00000000B00000001000100000000100000000000011411101
00000000000000000A50000000000300000000000110001103
00000000001000000000300020000000000000000002000130
00000000000000000000100000000000000000000105010301
00000000002000000000000000000000010000020000000014
00000000001000000000000000000000107000000003200000
24000000031000000000002000000000000000300004000000
00000000000000000000000000000000002000000000100001
00000004004000000020000000000000000200000000000030
00003000000000000000000000000000000000010000000A00
000000000000000200000000A0000034000000520000001001
00400000200000000000000000000000000001100100000101
00000000000000000000000000000000000000000000001002
00000000000000000000000000000A00000001000000001110
00000020000000000000000030000000000000000110010000
00000003000400000000000001000000000000000024001002
00000000000000000000000000000000000000000000000100
0000000000000000000A00000000000000A000000000100004
00001000000000000000000000000000000000200003000000
0000000000000300000000040000000000A000000000000000
00000000000001000000000000000001000000000000000000
00000000000002000000000000000000020000000030000A00
00000000200000000000000000000000000000000000000000
00000000001000000300000000400000003040000000000000
00000050000000000021000000000001000000000000000000
00000000000000000000000000000000000000000000000000
30030330000000000000000000000000000000000000000000
00000006000000000000004000000000000000000000000000
00010004000003000000000200000000000000000000000400
01000000030400000000000000000000000000000000002600
00000020000000000040000000000000000000000000024000
00100000003000200000000000000000000000040000000200
00000000000000000000000002000000000000000000000000
00003000000000000000000000040000000000001000000000
00003000003000000000000000000000000000000070100008
00000000000000000000000100000000000000000040000000
40400000000000000000000000000002030000004014020000
00000000300000000000000000000000000001000000030000
00000000000020000000000000000000000101408144000000
02415500080100114110101400000101120030140010000000
