10040000020000002000000002000000040010004001200000
00002000000000020044500000000000000304100000000100
03000000000300043003020000000000000000040000000000
00000000010000020220024001300000000034000020000000
00000000000010000010000000030001004000000000000400
00030000002000400000000000000000000000023000004030
0004020000000000000000000A000000000000000002000300
3000000000000000000000000B000000500003030000300020
00000000000040000000000000000000000000010440403000
60000000000000000002000000000000000000010000000400
310002032000000000F0000001000000004500000000000410
00000000010000000000002000400000000000000200000000
00000000000000000000000100000000400000000000030002
00000000000000000000000000000100001000000000000008
00007000000000000000000400000300000000200000000001
02000302000000000000000000001000000000000000000004
00100000000000040000000004000000003000020000000100
00000002000000200000040000000000000000000000053000
00000030002000400000000200330000000000400000020000
00033000000000010000020001000030000000040010010000
00400000000001000000000502000000070100000001000040
00410000000000000000000000000110300000000000010024
41000000000000000002000400000000000100000000007000
20004000003000000000000000000000000000000000000000
00000000000000002000020000000200000000040000000000
00400000000000400000000404003000002200000000000000
000000000300302033000030000000030000000H0B00430000
00002000000040000006000000003200004000030000000000
07300000000400200000000000000070000040000000000000
00013034002001001000020001000000000000000040000230
10000000000400000000040000000000000500002001000000
00210704000000000000000000020000030200001310000C00
00000040000203000000000000000600000004000000000000
200000000000040042000A0030010400000000040000000000
00000000000000000000103000000021020013000000000000
00031400020000030000000000000203000000000000000000
03002000001005000000000000000000004000000000000400
03000010000000034033000004000000001000000000000002
00030100430000040004400000000002300000000000000103
0240000010000100200000000F000000000000000000000400
21000007000031400000000020000000000000000000001230
13010044000030000000000B00000000000000000000000000
00104002030004000000000000000022000000000000000040
40000330300200000000000000000000000000000000000000
00002003003401301100100000001000010000000000000000
040002104402003200000000000000003000000A0000000487
00000100002104000000020A00000020000000000000000313
00200000000210000400000004010000001000000000002000
04002434000021000400000000020000000000000040000000
77668807397265626785972219044560314000004618770134
