00000000000000000000000000000000000000000000000032
030D0000003000000400000000000000000B00340000000004
40000022000000000000000000000000000000000000053000
000000000000000002400000000000000000D0000000000000
00000000200000000000000000000000000000000000000000
00000000000000000000000000000000000000000000303000
00000000000000000000000000000000000000000000400000
00000000000000000000000000000000000000000000000000
0007000000000000000000000F000000000000000001300000
000000000000000000000000000000000000A0030003000000
00004003000000000000000000000000400100000000100000
00000000000000000000000000000000000003000050100000
00000000000000004000000000020000000000003004000030
10000000000000000000000000000000000000003000000010
00000000010000000001000000000100000000000000000010
00000000000000000000000000000000000000000000000000
202000000000000000000000000000000A0000000000000000
00000000000000000000000000400000000000000001000000
00000A00030000000000000000000000000000000004000000
00000003000000000000000000000000000000000000000000
0023000000000000000000000000000B000010000000000000
000000000300000000000000100000000000A0000000000000
030000400000000000004000000000000000000000B0000003
0B0000200000000000000000A00000000000000000A0000000
00000000020000000000000000000000000000000000000000
00000306001000000000000000000000400000000000000000
0000030000010000000400001000000000000000000C000000
00000000100000000000400000000000000000000000000000
01300030003000030300000001000000000000000000000000
00004010000000000040000A00000000000000000000000000
00030000003000000000000000000000000000000000000000
00000300000000040000000000000000000000000000000000
00003000006000000010000000000000000000000000000000
00000001000000000004000000000000000000000000000002
00000200000000000000300000000000000000000000000C00
00000100000004000000000000000000000000000000000000
00000000000020010000010000000000000000000000000300
00000000000020100000000000000000000000000000000200
02000000000000B00400000000040000000000000000000000
02020000A00100000000000000000000000000000000000000
0040000002000000000100D000000000000040000000000000
00000000000000000001000000000000000000000040000001
00000000000000000000000000000000000000000000000000
03000000040000000000000000000000000000000000000000
00000000000001000000000000000000000000000020000000
00000000000000000000000000000000000000000000000300
1000000000000001000000000000000000000000000000B010
00000020040000000040000000000000000003000000000000
02030340000300000000000000000000000001014002000021
77668504087134516710132007000500004000000214770100
