00000000000000000000000000000000000000000000000030
00000000000B00000000000000000000000000000000000000
0A00000000000000000000000000000000000000A000000000
00000000000000000000000000000000000000000000000000
000200000000000000000000000000000000000A00D0000000
000000000000D0000000000D00000000000000000000000000
0000000000000000000000000000000000000000000C000000
0000000000000000000000000000B000400000030000000000
00000000000000000000000300000003000000000000002000
00000000000400000000000000000000000000000000000000
00000000000000000000000000000000000000000000000000
00000000000000000000000000000000000000020E00000000
0D000000000000000000000000000000000000000000000000
00000000002000000000000000000000000000000000000000
000000000000000000000000000G0000000000000000000000
00000000000000000000000000000000000000000000000000
00000000000000000000000000000000000D00000000000000
000A0000000000000000000000000000000000000000000000
000000000000000000000000D0000000000000000000000000
00000000000000000000000000000000000000000000000000
00000000000000000000000000000000000000000000000000
00000000000000000000000000000000000000000000000000
00000000000000000000000000000000000000000000000000
00000000000000000000000000000000000000000000000000
00001000000000000000000000000000000000000000000000
0000000000000000000D000000000020000000000000000000
00000000000000000000000000000000001000000000000000
00000000000200000000000000000000000000000000000004
00000000A00000000000000000000000000000000000000000
00000A00000000000000000000000000000000000000000000
00000000000000000000000000000000000000000000000000
00000200000000000000000000000000000000000000000000
00000000000000000000000000000000000000000000000000
00000000000030000000000000000000000000000000000000
00000000000000000000000000000000000020000000000000
00040000000000000000000000004000000000000000000000
0000000000000000000000B000000000000000000000000000
00000000000000000000000000000000000000000004000B00
00000000000000000000000000000000000000000000000000
00000000000000000000000000000000000000000000000000
00000000000000000000000000000000000000000000000000
00000000000000000000000000000000000000000000000000
00000000000000000000000000002000000000000000000000
00000000000000000000000000000000040000000000000000
00000000000000000000000000000000000000000000000002
00000000000000040000000000000000000000000000000000
0000000000000000000000000000000000000000000C000000
00000000000000000030000000000000000000000000000A00
00000000000000000000000000000000000000000000000000
77668804087134516710172007040520004000000214770100
