00300000000000000000000000000000000000002000000000
00030000000000000000000000000000000000300000000000
00000000000300000000000000000000000000000000000000
00000000200000000000000000000000001000000000000030
00000002000000000000000000000000000D00000000000000
00000000000000000000000000000000000000000000000000
00000000000000000000000000000020000000000000000000
00200000000000000000000000000000000000000000000000
000000000000000000000000000000000000004000F0000000
00000000000000000000000000000000000000000000000000
00000000400000000000000000000000000000000000000030
000000000000000000000000000000000000000000000000H0
30000300000000100000000020000000000000000003020000
00000500000000000000000000300000000040000000000000
000002000000000000000000000400000J0000000000000000
00000000000000000000000400000000000000000000000000
00000000000000000000000000000000000000000000000000
00000000000000000000000000000000000030000000000000
00000000000000000000000000000000000000000000000000
0000000000130000000000050000000J000000000001000001
00000000000000000000000020000000000000143000000000
00000000000000000000000000000000000000000000000000
00000000000000000000000000200000000000100001000000
00000000000000000000000000000000000000000000000030
0000000000000E00000000000000000000000000000000H000
0000000000000300000000E000000000000000000000000000
000200000000000E0000000000000000000000000000000000
00000000000000000000000000000000000000000000000000
00002000000000000000000000000000030000000000000000
F0000000000003000000000000000000000000030000000000
00000000000000000000000000000000000000000000000004
00000000000000000020000000000000000000000000000000
00000000000000000000000000000000000000000000000000
00000000000000010000000000000000000000004003000000
00000000000000000000000000000000000000000010000000
C000000H000000000000000000000000010000000000200000
000000000000000000000000000000000000G0000300000000
00000000000000000000000000000000000000000000000000
000000000000000000F0000000000200000000000004310000
00000000000000000000000000000000000000000000000300
0000000000000C000000000000000000000012000000002000
000000000000000002000000000000000C0000000100000000
40000000000000000000000000000000000000G00000000000
0400000100000000000F000000000000000000000000000000
00020004000000000000000000000000000000000000000000
00010000700000000000000000000000000000000004000000
40000070200000003000000000000000001100040300000000
04000000402000000000000000000000300700000000000000
30000000000000000000000000000000000000000002000000
77768838397475646785982259344564434004008918880136
