20000000020021000000000000000000000010000001200000
00000000000000200000000200000000000300000000000000
20010000000200000000020300000000000000000000000000
21200010000000000200000004000000000000000000000000
00040000000004200000000000000040000000000000000000
01002000000100000000000000000500000000000000000000
20040010000040000000000C00000000000000000000000000
00000000000000040000020000000000000000000000000000
00000000002032300410000000000000000100001000403000
010003402000034A0000100000000000000000000000000400
00000424000000000000000000000000000000000000000000
00100000070040100000000000000000050000000000000000
010010030000100000D0000000000000000000000000000000
0041000000F0E0100000000000000000000000000000000000
02000000030000000000000000000000000006000000000000
00400000000000000000000000000000000000030000000000
0003200000000000B000000000000000000000000000000000
04040400000000000000000000000000000000000000000000
00000010000400000000000000000003000000000000000000
00000000000000000000020000000000000000000000000000
00000000000000000000200000000002000000000000000000
02000000000100000000000000000000000000000000000000
00000000000000000000000000000000000000000000000000
1000E000000000000000000000000000000000000000000000
00000000002000000000000003000000000000000000000000
00000000000000000000000302000000000000000000000000
000400000000000000000000000000000000C0000000000000
00000000000000000000000000000000000000000000000000
00000000000000000000000000000000000000000000000000
00430000000000002000000000000000000000000000000000
00000000000000000000000000000000000001000000000000
00000000000000000000000A00000000000000000000000000
00000000000000000000000000000000000000000000000A00
200000000000000003000000000000300000000000000C0000
00000000000000000000000000000000000000000000000000
00031000000000000000000000000000000G00000000000000
01000000000000000000000000000000000000000000000000
03000000000000000000000000000000000000000000000084
00000100030000000000000000000000000000000000000234
02000000000000000033000000000000000000000400000000
2100000700000000000000000000000B002000007000000002
10000040000000103000000000000000000000000000053000
0000000000000000000000000000000000000A00000A240222
40000300300005000000000000003000000000000003010203
000020000000010000000000000000000000000E0000410305
04000000000200000000200000000000000000C0B030304000
0000000000210000000000000000000000D000000004006000
002000000002000000000000000000000000000C0000016300
04002404000020000300000000000000000000000001002330
77668807397265626743972117044560314000004218770104
