00001000000000001000010040200000330400000000000000
10002000000004002000000000000000028000000000000000
0400000000100000000000000B05000000E000200000000000
00001000000000000000000300000000000030003000000000
00200100000000000030000000000300000000000000000000
00000000000302000000000000000000000000000000000000
00300002000000000000001000000000000000000000000000
00000100000030004000000008000000000000000000000000
00014000000012000000000000000000000000100000000000
30000000000000004000000000000000000000000000020000
00600003000000000000000000000000000000000000000000
000000000000B0000020000000400000000000000000000000
00220000000000000000000000003000200000000000000B00
00000000000000400000000000000000000000000000000000
00000000000A00000000000000000000000000000000000000
10000000000000000000040300000000000000000000030000
04000032000000000000000030000000000000000000000000
000020000000000000A0000000000000000000000000400000
00080030000403000000000000000042001000000000000000
00000034000000000000000000000000000000000000003000
00000000000000000000000000000000000000000000000000
00420000000500000000000000000000000000000000000300
00000200000004000000000040000000000000000000020300
00000000000000000000000000000100000000400000000000
00001000000000000000000000000300000000000000000004
10000000000300100500000000000000000000000000000000
00000000000003000000000000000000300000000000000000
00000000000000001000000200200000000000000000000000
00000000000000012400000000000000000000000010000000
03000000003000000000000000000003000000000010020000
00300000000000004000400000000000000000600030000000
00000000000000000000000000000000000032000000000000
00300003000000040020000000000000000000000200000000
00000030000000000202000000000000300000000000000000
00000000000020000000000000000000000100000000000000
00000000000000000000000000000000000000200000400000
00100000022000000000000000000000000000002000000020
020000000000000000000000000000C0000000100000000000
00000000304000000000000000000000000000000000000000
01400100000000002000030000000000024040000000200000
00003000000000000000400000000000000000000000002003
00030100104000000000000000000000000000200000000001
00000000000000000000000000000000000020000000000000
0000000000000000000000000030300000030000001000C000
00000000000000000000000000000000000000000000000000
00000000000000000000000000000000000000000000000000
00000000000000000000020003000300033002004000000002
00100100002000000000000000000000000000000000004000
00000100000000000010000000000000000000000004000000
35646504087134116410102007000504352100540010400100
