00001000000000000000010040000000030400000000000000
1000200000000400000000000003030002800000000C000000
0400000000100000000000000005000B0000002000D0000000
00001000000000000000000300000000040E00000000000000
0020000000000000003000000000000000300000000000FA00
00000000000302000000000000000000000000000000000000
00300002000000000000000000000000000000000000000000
00000000000030004000000004000000000000000000000000
00014000000002000000000000000000000000000000000000
30000000000000004000000000000000000000000000000000
00600003000000000000000000000000000000000000000000
00000000000000000020000000000000000000000000000000
00220000000B00000000000000000000200000000000000000
00000000000000000000000000000000000100000000000000
000000000A00000000000000000000000000000A00000000B0
10000000000000000000040300000000000000B00000000000
04000032000000000000000000000000000000000000000000
00002000000000000030000000000000000000000000400000
00080030000000000000000000000000000000000000000000
00000034000000000000000000000000000000000000003000
000000000000000000000000000000A0000000000000000000
00420000000500000000B00000000000000000000000000000
00000200000004000000000000000000000000000000020000
00000000000000000000000000000000000000400000000000
00001000000000000A00000000000300000000000000000000
10000000000300000000000000000000000000000000000000
0000000000000000000B0000000000003000000000000A0000
00000000000000000000000200200000000000000000000000
00000000000000000400000000000000000000000000000000
03000000000000000000000000000000000000000010000000
00000000000000000000000000000000000000000030000000
00000000000000000000000000000000000032000000000000
00000003000000040000000000000000000000000200000000
00000000000000000002000000000000000000000000000000
00000000000000000000000000000000000100000000000000
00000000000000000000000000000000000000200000400000
000000000200000000000000000C0000000000002000000020
00000000000000000000000000000000000000000000000000
00000000004000000000000000000000000000000000000000
01400100000000000000000000000000024000000000200000
00000000000000000000400000000000000000000000002003
00030100004000000000000000000000000000200000000001
00000000000000000000000000000000000020000000000000
00000000000000000000000000303000000300000000000000
00000000000000000000000000000000000000000000000000
00000000000000000000000000000000000000000000000000
00000000000000000000020003000300003002004000000102
0010010000200000000000000000000000000000000000402C
00000100000000000010000000000000000000000004000000
35646504086134116410101007000504352100340010400104
