0000100000000000000001000000000003040E00D001000000
10002000000004000000000000030300028000000000000000
0400000000100000000000000005000000002020000CC00000
0000100000000000000000000000000004001000E00000A000
00200000000000000030000000000000003000000000000000
00000000000302000000000000000000000000000000000000
003000020000000000000000000000000A0000000000000000
00000000000030004000000004000B00000000000000000000
00014000000002000000000000000000000000000000000000
00000000000000000000000000000000000000000000000000
00600003000000000000000000000000000000000000000000
00000000010000000000000000000000000D00000000000000
0022000001040000000000000000000020000A000000000000
00000000000000000000000000000000000100000000000000
00000000000A000000000000000A0000000000000000000000
100000000000000B0000040300000000000B000000000000B0
04000032000000000000000000000000000000000000000000
00002000000000000000000000000000000000000000400000
00080030000000000000000000000000000000000000000000
00000034000000000000000000000000000000000000003000
000000000000000000B0000000000000000000000000000000
00420000000400000B00000000000000000000000000000000
000002000000000000AA000000000000000000000000020000
00000000000000000000000000000000000000400000000000
00001000000000000000000000000000000000000000000000
00000000000300000000000000000000000000000000000000
00000000000000000000000000000000000000000000D00000
00000000000000000000000000200000000000000000000000
00000000000000000400000000000000000000000000000000
0300000000000000000000000000000000000000001000D000
000000000000000000000000000000000000000000000A0000
00000000000000000000000000000000000012000000000000
00000003000000040000000000000000000000000000000000
00000000000000000002000000000000000000000000000000
00000000000000000000000000000000000100000000000000
0000000000000000000000000000000000000020000000D000
00000000020000000000000000000000000000002000000020
0000000000000000000D000000000000000000000000000000
00000000004000000000000000000000000000000000000000
01400100000000000000000000000000000000000000200000
00000000000000000000400000000000000000000000002003
0003010000400000000000000000000000000020000000C001
00000000000000000000000C00000000000020000000000000
00000000000000000000000000000000000300000000000000
00000000000000000000000000000000000000000000000000
00000000000000000000000000000000000000000000000000
00000000000000000000020003000300003002000000000102
00100100000000000000000000000000000000000000004024
00000100000000000010000000000000000000000004000000
35646504086134116410101007000504352100340010400104
