00402000000000000000000000000000040000000000000000
00000000000000000000000000400000010000000000000000
00000000000000000000000000004000000000000000000003
0000000000000000000000000000100I000000000000000000
00000000000000000000000000000000000000000000000000
00030000000000000002000000000000000000000004000000
00000300000000000000000L00000000000000010000000000
00000003000000000000000000000000000000000000000000
00000000000200040003000000000000000000000000000000
00000000000000000104000000000400000000004300000000
00000000000000000000000200001000000000000000040000
00000000000000000000000000000000000000000000000000
00000000000000000000000000000000000000000000000500
00000000000000000000000000000000000000010000000300
00000000000040000000000000000000000000000000000200
000040000000400000000000000000000000E0000000000000
00000000000000000000000I00000000000000000000000000
0000000000000000000000H000300000000000000000000000
00000000000000000000000000000000000000000000000000
6000000000000000000000000300000F000000000000000000
00000000000000000000000000000000000000000000000002
00000000000000000000000003000000000000000000400000
04000000000010000000000000000000000000000000000000
00000000000000000000000000000000000000000000000000
00000000010000000003000000000000000000000B00000000
00002000000003000000000000000100000000002000003000
000000000000000000000000300200000000E0000000000000
00001000000000000000000000000000000000000000000010
00000000000001000000000000040000000040000000030000
00000000000000000000000000000000200000000000000000
00000000000000000000003000000000000000002000000000
00000000000000000000H10000000000000000000000000000
00000200000000000000000000000000000004000000000000
00000000000000000000000000000000000000000000000000
000000000000000H0000000020000000000000000000000000
00000000000000000000000000003000000000000000010030
00000000000040000F00000000300000000000000000100000
00C00000000000600000000000000000000000000000000000
00001000000000000000000000000000004000000000000000
00000000000000000000000000000000000000000040000000
3000000000000J000000000000000000000000000000000000
00002000000000000000000600000000000000000400000000
00000000000000100000000000210000000000000000000000
00000000000030000000000000000020000000001000000000
00000000000000000E00000000000000000030004000000000
00400000000100000000000000000000000000000000004030
00000000000000000003000000000000100000000000000040
00000000400000000000000000000000000000000000000200
00000400000000000000000000100000000000000400000000
99888839599475988888996399785677549304609918882436
