00000000000000000004010100100000000400000000000000
000000A00000000000000020101000000000000000C0000000
000000000000001000000000010000B0000000300000000000
0000000004000000000001007019000000000000000B000000
0000000000000000000000111020100000020000A000000000
00000000000000000000100404002000000000B00000000000
00000000000000000000000000020000000000000000000000
30000000000000000000020000000000000000000000020000
00000003000000000000000000100000000000000000000000
0000000000000000000000000000000A000000000000000000
00000034000000000003000000000000000000000000000000
0000000000000000000000400000030000000C000000000000
00000000000000000000000020000000000000000000000400
00020400000000000000000100000020030000000000030000
00000000000000000000000000010400000000000000000000
00000000000000000000000000002000000020000000000000
24001330031000000000000000000030003000000000000000
00000600000000000000000B200000000000000000A0001000
00020004000000000040000000000000000400000000000000
00303000000040000000000000000000010000000000000000
00200000420001030000400000000004000000520300000000
00400003240000000200000000000000000001100000000200
00000001010000000000000000000000000000000000000000
00000000000000020000000000000200000001000000000000
00000220000000000000000000000000000000000000000000
0002000300040030000000000000000D000000000000000000
20000000010000200000000000000000000000000400000000
00010000050000000000000000000000000200000000000000
00004000300010000000000000000000000000010000000000
00300322000000300000000000000000000000000000000000
00000000000000000000000000000000000000000000000000
00000000000000000000000000000000000000000000000000
01000300200000000000000000003000000000000000000000
00000000000000000000000000000000000000000000000000
00000050000000000000000000000002000000200000000000
00000100003001000000000000000000000000000000000000
300000303120000000200000003000000303A0000000000000
0A000000040000100000000000100004000200400000000A00
00000000000000000000200000000000000000000000000000
03000000000200000000000000000000000000000000000600
00000020000000000000000000202000000010000000004000
0110A000000000010000000000000000000040080000000200
00000000100000000000000000000000000000000040000001
00003000000000000000000000000000000040001000000010
00003000000000000000000000000000000000000176100008
0040000001B000000000000000000000000000000040401000
52400000000000000000000000000002063000004014020000
00000000004000000000000000000000000001000050330000
00400000000000000300000020000000000101408144000000
02625500082100114110101407004101320030140010000000
