00000000000000000000010000000000030400002011000000
10002000000000000000000000000000024000000000040000
04000000000000000000000000050000000020220200320201
00001000000000000000000000000000040010002000002004
00200000000000000030000001000000403000000300300000
00000000000002000000000001000000000320000300000040
00300002000000000000000000000000000004000014001000
00000000000030000000000000A00020000001000000012000
000000000000020000000000000B000003000010B00000400B
00000000000000000000000000000002000000000002000000
00400003000000000000000000000001000070000000000000
0000000001000000000000000030000000000000000000B000
00210000010400000000100300003000000000000000000000
00000000000000000320000114000000000000000000000200
00000000000000200000200000003000000C00000000000001
1000000000000040020000000000B00B02000000000B00C000
040000320001000000002000400000000000B0000000000000
0000200000000000000A00300300C0000000000000000000B0
000800300000002000200040000000B000000000B000000000
00000030000040000000000000000000000000000000A00000
00000000000000000000000000000004000000000010000000
000000000004000000000000000000000000000000000000AB
00000200000000000004000000000000000000000000000000
00000000000000003000000000000000000000000000000000
00000000000000000000000000000000000000000000000000
000000000003000000000000000000B0000000000000000000
00000000000000000000000000A00000000000000000000000
00000000000000000000000000000000020000000000000000
00000000000000000000000000000000000000C00000002332
00000000000000000000000000000000000030000000000000
00000000000000000000000000000000400000000000000000
00000000000000000000000000000000000000000000000000
00000000000000000000000000000000000000000000000000
00000000000000000000000000000000000000000000000000
00000000000000000000000000000000000000000000000000
00000000000000000000000000000000000000000000000000
00000000000000000000000000000000000000000000000020
0000000000000000AB000000000000A0000000200000000000
00000000000000000000000000000000000000000000000000
01000100000000000000000000000000000000000000000000
00000000000000000000000000000000000000A00000002003
00000000000010000E00000200000000000000000000000000
00000000000000000000000000000000000000200000000000
00000000000000000000000000000000000000000000000000
00000000000000000000000000000000000000000000100000
00000000000000000000000000000001000000000000000000
00000000000000000000000003000300003000000200030000
00000100000000000000000000000000000000000000000024
00000000000000000000000000000000000000000004000000
35646504086134116410101007000504352100340010400100
