00000000050400000000000000000000000000000000000000
000000000H0000000000004000000000000000000000000000
C000100000000000000000000000000H000000000000000000
00000000000000000000000003000000001000000000000000
00000000000H00000000000000000000000000000000000000
00000000000000000000000000200000000000000000000100
00000030000000000000000000000000000000000000000000
00000000000000000000000000000000000000000000000000
00000000000000000000000000000000000000000000000000
0000000J000000000000000000400000000000000000000000
00000000000000000000000000000000000000000000000000
00000000000004000000000000000A00000000F00000000200
00000000000000000000000200000000000000000000000000
00000F00000000000000000040000000000000000000000000
00000000000000000000000000040000000000000000000000
0000000000000000000000000004000000000000000F000000
00000000000000000000000000000000000000000000000000
000000000000000000100000040000000000000000E0000000
00000000000000000000000030002000000000000000000000
00030000000000000000000400000000000000000000000000
000000000001003000000000000000000000000000000H0000
0000000000000E010000002000000200000000000000000000
00000000000000000000000000000000000000000000000003
000004000000000000000B0000000000000000000000000000
00000000000000000000000000000400000000000000000000
00000000040000000000000000000000000000000300000000
0000000000000000000000000000000000000000000000G000
000000000000000030000000000000000003000000000000H0
00000000000000000000000000000000000000000000000000
000000000000000000C0000000000000000000000000000000
00000000000000000000000000000000000000000000000000
00000000000000000000000000000000000000000000000000
0000000000000000000000E000000000000000000000000000
00000000000000000000000000000200000000000H00000000
00000000000000020000000000000000000000000000000000
00000000000000000000000000000000000000000000000000
00000000001000000000000000000000000000000000000000
00000030000000000000000000000000000000000000000000
00000000000003000000000000000000000003000000000000
00000000000000000000000004000000000000000000040000
00000000000000000000000000000000000000000000000000
00004000000000000000000000200000000000000000000000
00000000000000000000004000000000000000000000000000
00000000000000000000000000000000000000000000000000
0032000000000000000000000J000002002000000000000000
0000000H00G000000000000020000004000000001000040000
00000000000000000000000000000000000000000000000000
00000000000000000000000000000000000000000000000031
00000000002000000000000000000000000000000000000000
97788839597475986888992299584567437304609918882436
