20000000020001000000000000000000000010000001200000
00000000000000200000000200000000000300000000000000
20010000000200000000020300000000000000000000000000
21200010000000000200000004000000000000000000000000
00040000000004200000000000000000000000000000000000
01002000000100000000000000000500000000000000000000
20040010000040000000000000000000000000000000000000
0000000000000004000002000C000000000000000000000000
00000000002032300410000000000000000100001000403000
01000300200003400000100000000000000000000000000000
00000420000000000000000000000000000000000000000000
00000000070040100000000000000000030000000000000000
010010030000100A00000000000000000000000000000000D0
00410000000010100000000000000000000000000000000000
02000000030000000000000000000000000006000000000000
00400000000200000000000000000000000000030000000000
00002000000E00000000000000000000000000000000000000
0004040000000000B000000000000000000000000000000000
000000100F0000000000000000000000000000000000000000
00000000000000000F00020000000000000000000000000000
00000000000000000000000000000000000000000000000000
02000000000100000000000000000000000000000000000000
00000000000000000000000000000000000000000000000000
E0000000000000000000000000000000000000000000000000
00000000002000000000000003000000000000000000000000
00000000000000000000000002000000000000000000000000
00040000000000000000000000000000000000000000000000
00000000000000000000000000000000000000000000000000
00000000000000000000000000000000000000000000000A00
0043000A00000000000000A00000000C000000000000000000
00000000000000000000000000000000000001000000000000
00000000000000000000000000000000000000D00000000000
000000000000000000000000000000000000000000E0000000
20000000000000000300000000000000000000000000000000
00000000000000000000000000000000000G000000000000C0
00031000000000000000000000000000000000000000000000
01000000000000000000000000000000000000000000000000
03000000000000000000000000000000000000000000000084
00000100030000000000000000000000000000000000000234
0200000000000000003000000000000B000000000400000000
21000003000000000000000000000000002000007000000002
1000004000000010300000000000000000000AC00000053000
00000000000000000000000000000000000000000000240222
40000300300005000000000000003000B000000C0013010203
000020000000010000000000000000000000B0000000410305
04000000000200000000200000000000000000030000304000
00000000002100000000000000000E00000000050004006000
002000000002000000000000000000000000000EB000016300
04002404000020000000000000000000000000000001002330
77668807087265626743972117044560314000004218770104
