00000000000000000000000000000000000000000000000000
00000000000000000000000000000000000000000000000000
0000000000000000000100000000000000001B000000000000
000000200000000000030400C0000000001000000000000000
00000000000000000000000000000000000000000000000000
0000000000000000000000000000000F000000000000003000
00000000000000000000000000000000000000000000000000
00000000000000000000000000000000000000000000000000
00000000000000200200000I00000000000000000000000000
000000000F0000000000000000000000000000000000000000
00000000000200000000000000000000000000000000300000
0A000000000000000000000001000000100001000000000000
00000000000000000000000000000000000000000000000002
00000000000000000100000000200000000000000030000010
000000C0000000000000000000000000000000000000000000
00000000000000004000000000000000000000000000000000
00000000000000B00000000004045000000000000000000000
00000000000000000000000000000000000000000000006000
00300000000000000020040000000000000F00000020010000
00000001000000000000000030000000000000000100000000
00000000000000030004000000000000000200003000000000
00030000000330000000000000000000000000000000000000
0000003000000000000000D000030000000000003000000003
02110000002000000000000000000000000000020000000004
0C00200000000000H000000000000000000000000000000000
00000000000000000000000000000000010400040000000000
F0000000000000000000000000000000000000000000000001
00020000000300000000000000000000000000000000000000
000000000000000000000000000000000000000000000C0000
00000000000000000000000000000000000001000000004000
00000000000000000000000000000000000000000000000000
70000000000000000000000000000000000000000000000000
00000000000000000000000000000000000000000000000000
00000000000000000003000000000000000000000002000000
0000000000020000E00000000000000040000000E000000000
00000000000000000000000000000000000000000000000000
00000000000000000000000000000000000000000000000000
00000000000000000000000000030000000000000000000000
00000004000000000000000000000000000000000000000000
00000000000000000100000000000000000000000000000000
000100000000E0000000000001000000004000000000000000
20000000000000000000000000000000000000000000000000
00000000000000000000000000000000000000000000000003
04000000000000000000000000000000000000000000000000
00020004000000000000000040000000000000000000000000
00010000700000000000000000000000000000000000000000
00000020000000000004000000000000000100000003000000
0000000000000000000000000000001000000000000000000G
00000000000000000000000000000000000000000000000000
77768838397275646785982229344563334004008918880136
