00000000000000000000000000000D00000000000000000030
0A0000000000000000000000000000000000A00A0000000000
0000000000000000000000000000000000A000000000000000
000000000000000000000A0000000000000000D00D0A0C0000
00020000000B00A00000000000000000000000000000000000
00000D00000000000000000000000000000000000000000000
0000000D000000000000000000000000000000000000000000
0000000E00000000000000000000B000400000030000000000
00000000000000000000000300000000000000000000002000
000000000000000000000000000000000000000000D0000000
00000000000000000000000000000000000000000000000000
0C0000000000000000000000000000000000000002E0000000
0000000000000000000000000G000000000000000000000000
00000000002000000000000000000000000000000000000000
00000000000000000000000000000000000000000000000000
000000000000000000000000000000000000D0000000000000
00000000000000000000000000000000000000000000000000
00000000000000000000000000000000000000000000000000
00000000000000000000000000000000000000000000000000
00A0000000000000000000G0000000000000B0000000000000
00000000000000000000000000000000000000D00000000000
00000000000000000000000000000000000000000000000000
00000000000000000000000000000000000000000000000000
00000000000000000000000000000000000000000000000000
00001000000000000000000000000000000000000000000000
0000000000000000000000B000000000000000000000000000
00000000000000000000000000000000000000000000000000
00000A00000200000000000000000000000000000000000004
00000000000000000000000000000000000000000000000D00
0000A000000000000000000000000000000000000000000000
00000000000000000000000000000000000000000000000000
00000000000000000000000000000000000000000000000000
00000000000000000000000000000000000000000000000000
00000000000000000000000000000000000000000000000000
00000000000000000000000000000000000000000000000000
00000000000000000000000000004000000000000000000000
0000000000000000000000B000000000000000000000000000
00000000000000000000000000000000000000000004000000
000000000000000000000000000000000000000000000B0000
00000000000000000000000000000000000000000000000000
00000000000000000000000000000000000000000000000000
00000000000000000000000000000000000000000000000000
00000000000000000000000000002000000000000000000000
00000000000000000000000000000000000000000000000000
00000000000000000000000000000000000000000000000000
0000000000000004000000000000000000000000000000A000
00000000000000000000000000000000000000000000000000
0000000000000000003000000000000000000000000C000000
00000000000000000000000000000000000000000000000000
77668804087134516710172007040520004000000214770100
