000000000000000300000H0000000000000000001020000000
0E000000000000000000000000000000000000000000000000
00000000000004000000000000000000000000000000000000
00000000000000000000000000000000000000000000000000
00000000000000400000000000000000000000000000000000
000000000000000000200000G0000000000D00000000000000
00000000000000000003000000000230000000000000000000
04000000000000000000000000000040000000000000000000
00000000001000000000000000000000000000000000004000
00000000K00000000000000000000000030000000000000000
0000C000001000000000000000000000000000000000000000
00000000000000000300000000000000000000000000000000
00000000000000000000000000000000000000000000000000
0000000000000000000000B000000000010000000000000000
00000000000000000000000002000000000000000000000000
00000000000000000000000000000000000000000000000000
000000000000000000000000000000000300000000000F0002
00000000000000000000001000004000010000000000000000
13010000000000030000000000000000000000000000000001
00000000000000000000000000000000230000000000000000
00000000000000000000000000000000020004000003000000
00000000000000000000000000000000000010003000000100
F1040000001000000000000000000000000000000000000000
00000000000000000000000000000000000000000000000000
00000000000E0020000000000000000001000000000G000000
00014000000000000000000000400000000000000000000000
00000000000000000000000000000000000000000000000000
00002000000000000000000000003000000000000000000000
00000000000000000000000002000000000000000000000000
00000040000000000000000023000000000000000000000000
00000000000000000000000000000000010000000000000000
004000000004000000000000000000000000000000000L0000
00000000000000000000000000000004000000000000000000
00000000000000000000000000200000000400000000000000
00000000000000000000000000000000400000000000000000
00003000000000000G00000000000000000000000000000300
00000000000400000000000000000000000000000000000010
00002000000000000001000000000000000000000000000000
00000000000000000000000000000030000000000000000000
00000000000000000000000000001000000000000000400000
00000000000000000000000000000000000000000000000000
0000000E000000000000000000000000000000000000000000
300000000000000000000000000000000000000G000000B000
00000000000000000000000000000040000000000000000000
00000000002300010000000000000000000000000000000000
00000000000000000000000000000000000000000000020000
000000000000000000000000I0000000000000000000000000
00000000000000000000000000000000000000000000000000
00000000000000000000000000000000000000000000000000
99888879599675988888998399785677549395609918889636
