20000000020021000000000000000000000010000001200000
00000000000000200000000200000000000300000000000000
20010000000200000000020300000000000000000000000000
21200010000000000200000004000000000000000000000000
00040000000004200000000000000040000000000000000000
01002000000100000000000000000500000000000000000000
20040010000040000000000000000000000000000000000000
000000000000000400000C0000000000000000000000000000
00000000002032300410000000000000000100001000403000
01000340200003400000100000000000000000000000000400
00000424000000000000000000000000000000000000000000
001000000F0040100000000000000000050000000000000000
01001003000000000000000000000000000000000000000000
00410000000E0010A000000000000000000000000000000000
02000000030000000000000000000000000006000000000000
00400000000000000000000000000000000000030000000000
00032000000000000000000000000000000000000000000000
04040400000000000000000000000000000000000000000000
00000010000400000000000000000003000000000000000000
00000000000000000000020000000000000000000000000000
00000000000000000000200000000002000000000000000000
02000000000100000000000000000000000000000000000000
00000000000000000000000000000000000000000000000000
10000E00000000000000000000000000000000000000000000
00000000002000000000000003000000000000000000000000
00000000000000000000000302000000000000000000000000
00040000000000000000000000000000000000000000000000
00000000000000000000000000000000000000000000000000
00000000000000000000000000000000000000000000000002
00430000000000002000000000000000000000000000000C00
00000000000000000000000000000000000001000000000000
00000000000000000000000000000000000000000000000000
00000000000000000000000000000000000000000000000000
20000000000000000300000000000030000000000000000000
00000000000000000000000000000000000000000000000010
0003100000000000000000000000B000000000000000000000
01000000000000000000000000000000000000000000000000
03000000000000000000000000000000000000000000000084
00000100030000000000000000000000000000000000000234
02000000000000000033000000000000000000000400000000
2100000700000000000000000000000000200000A000000002
1000004000000010300000000000030000A0000B0000053000
00000000000000000000000000000000000000000000240222
40000300300005000000000000003000000000000003010203
0000200000000100000000000000000000000000C000410305
04000000000200000000200000000000000000000030304000
0000000000210000000000000000000000000000300B006000
00200000000200000000000000000000000000000000016300
04002404000020000300000000000000000000C00001002330
77668807397265626743972117044560314000004218770104
