03030000200000001000000000000000000000000010000000
00001300C0000000000000030A000000000000000000040000
00000000000000000000000000000000000000220000000001
02000000000000000000020000000000000000000000000000
00000000500000400000003000000000000000000000000000
00000400000200000000000000000000000000000000000000
00020000000000000000003000000000000000000000000000
00000000000000000000100000000020000001000000000000
00000000000000000000000030001000000000000000000000
00000300000030000000030000000002000000400000000000
000030A0000000000000000000000000000030000000000030
00000000000000000000000000300000000000000000000000
00000000000000000000000000000000000000000000000002
00000000000C00000000000100000000000400000000000000
00000000000000000000000000000A00002000000000200000
00000200000000000000000000000080000000000000000000
00000000200000000000000000000000000002002000000000
00000000000000000000003000000000000000000000000000
00B00000000000000000000000000000000000000000401000
00000040030000000000000000000000030000000303020000
00000000000000A00000000000000000000000020300100004
0000000000004000000000000B000000001000002040000223
0000000000000000000000A000000000040003000000200001
00000000000020000000000000000000000000000000000020
0000000000A000000000000000000000000000000000000000
00000000000000000000000000000004000000000000000000
00000000000000000000000000000000000000000300000000
00000000000000000000100000000000000000030000200000
100000000000800000000000A00000A0000000000000000002
0030000000000000000B000000000000000000000000000000
00000000000000000000000000000000000000000000000000
00000000000000000000000000000000000000000000000000
00000040000000000000000000000000000000322030000000
00000001000000000000000000000000300000000000004000
00000000000000000000000000000000000000000000000000
00000000000000000000000000002000000000000000020000
00000000020000000000000000000000000000000000000000
000000000002000000000000000000000000000B0000000000
00000000000000000000000000000400000000000000000000
00000000000000300000000000000020002000000000004001
00000000000000000000000000000000000000000000000000
00000000000000000000000300000000000000000000000000
00000000000000000000000100000000000000000000000001
0000000000000000000000000000000000000A000000000000
000000000000000000000004000000000320A0000000000008
00001000000000000000020000000000000000000000000000
20000000000000000000000000000000000000000003000000
00000300000000000000000000000000400030000000000000
00000000020000000000020000000000000000000000000000
02625500086100114110101807000501330100140010000100
