03030000200000001000000000000000000400000010000000
00001300000000000000000000000000000000000000040000
00000000000000000000000000A00000000000220000000001
02000000000000000000020000000000000000000000000000
000000C0000000400000003000000000003000000000000000
00000400000200000000000000000000000000000000000000
00000000000000000000003000000000000000000000000000
00000000000000000000100000000020000001000000000000
000A0000000000000000000030001000000000100000000000
00000000000030000C00030000000002000000400000000000
00000000000000000000000000000000000030000000000030
00000000000000000000000000300000000000000000000000
00000000000000000000000000000000000300000000000002
00000000000000020000000100000000001400000000000000
00000000000000000000000000000000002000000000200000
00000200000000000000000000000080000000000020000000
00000000200000000000000000000003000002002000000000
B0000000000000003000003000000000000000000000000000
00000000000000000000000000000000000000000000401000
0000004003000000000A000000000000030000000303020000
00000000000000000000000000000300000000020300100004
00000000010000A00000000000000000001000002040000223
00000000000000000000000000000000040003000000200001
00000000000000000000000000000000000000000000000020
00000000000000000000000000D00000000000000000000030
0000100000000A000000B00000000004000000000000001000
00000000000000000000000000000000030000000300000000
00000000000000000000000000000000000000030000200000
10000000000080000000000000000000000000000000000002
003000000002000000000000000A0000000000000000000000
00000000000000000000000002000000000000000000000000
00000000000000000000000000000000000000400000000000
00000040000000000000000000000000000000322030000000
00000001000000000000000000000000300000000000004000
00000000000000000000000000000000000000000000000003
00000000000000000000000000402000000000000000020000
00000000020000000000000000000000000000000000000000
00000000000200000000000000000000000000000000000000
00000000000000000000000000000400000000000000000000
00000000000000300000000000000020002000000000004001
00000000000000000000000000000000000000200000000000
00000000000000000000000300000000000000000000000000
00000000000000000000000100000000000000000000000001
00000000000000000000000000000000000002000000000001
00000000000000001000000400000000030A00000A00000008
00001000000000000000020000000000000000000000000000
20000000004000000000000000000000030000000003000000
00000300000000000000000000040000400030000000000000
00000000020000000000020000000000000000000000000000
05625500086100114110101807000501330100140010000100
