00000400000000000050000000000000004000000000000030
00000000000000000000000000000000000000000000000000
20000000000000000000000000000000000000010000000000
00000000000000400000000000000000000000000400000000
30000000000000000000000000000000000000000004000000
0000000A000000000000000400000000100000000000000000
00000000200030002000000000040040000000000000000000
00000000004030000000000000000000400000030000000000
00000000000000000000000300000003000000000000002000
00000000000400000300001001000000002000000000000000
00000000000000000000000000000000000000000000000000
00000000000020000003000000000000000000020000000030
00000000000034000000000000000000000000000000000020
00000010002000003030000000000040000000000000000001
00200000000000000000000300000000000000100030000000
00000000000000000000000000000000000000000000000000
00000200000000000004000000000000000000000000000200
00000000300000000000000000000000003000000000000010
40000010000000000000000010010000000000000000000000
00000000000000000000000000000000000000000300400000
00000000002000000000000000000000000000000000000000
00000000000000000100000000000000000000000000000000
00000000000000000000000000304000000001000000000000
00000000300003000000000001000000000000000000000020
00001000400000000000402000000000000000003000000000
00000000000010000000000000000020400000000000000000
00000000000000000000000000000000201000000000000000
00000002000200000000000000000000000000000000000004
00000000040030000000000000000000000000000000000000
00000000000000000000000000000000000000000000400000
00000000000000000000000000000000000000000000000000
00008000000300000000000000000000000000000000000000
03000000000000000000000000040000000000000000000000
00000000000030200040000000001000000000000100000000
03100000000000000000002000300000000020000000000000
00040000000000000000000000004000000000000000000000
00000000000001010000000000003000200000000000000400
03002400000000000000000000000000000000000004000000
00000000000000000000000000100000000000000000000100
00000000000000000000000000000000000000000000000000
00000500000000000100000000000000000000003000000000
00000000000020000000000030000300000000000000000000
00100000100000000000000000402000200000000000000000
00000000000001000000003000000000040000702000000001
00002000000040000030001000000000000000000020000002
00000000000000040000000000000000000000000000300000
00000000000000000000000000000000000003000000000000
00000000000000000030000002000000000000000000000200
00000000000000000000000000000000000000000000000030
77668804087134516710572007040560004000000214770100
