00000000050000400203000020000000000000300001000000
00000002010100000300300000000000000040000800032000
32000003000010020000000010000000000000000200000000
00004000000000130000000010000000000000000000004404
02200000010030000000411000000000000002000300000002
00000000000100000000H3000000000000300000000000C000
00000000000000000000000000000000000000000010000000
00000000000100002000000001100000000000000000000000
00200010000000005000000000000000000000000000000000
203000000000002100100A0000000300000000000000000000
03400000000000000000000000000000000000000000000000
0000030000300000000000000000000000B000000000000000
003000000000010000000000000000000000000000A0000000
300003001000000000000000000000000000000000G0000E34
00020000000B00000000000000000000001000000000000000
000000E0000040000000000000000000000000000000000044
00050000000000100000000000000000000001000002000000
04400000000000000000020000000000000000000000000000
00F01000000000000000000000000000000020000030010020
00000000000000000000000000000000000000003320000020
00100000000000000000000100000000000000000107002004
10C00004000000010000000300000000000000000400000000
0010000000030030000000000E000000000000000000002003
00000000000000000000000000000000000003000000000000
04000403000000000000000000000000000000000000000300
00000000000000000000000030000000000000000300000003
0044020000000000000000000100000B000000300000000000
00100000200000000000000000000000000000000040000000
000100000000E000000000000000000020000000000002000F
40000000000000000000000000040000000000000000000000
40000100000000000000000000000000031000000000000000
00040000000000000000000000000000000000003020000000
00000000000000000G000000000100C0000002000000000000
20000000000000000000040000000000000000000000000000
10000000000000000000000020000000000040000000000040
00000000042000000000000000000000000000200400000000
00000H00001000002000000000000000010020000000000000
01004000000000000000000000000000000000000000000D00
1000000000100000000000000000000000000000G000000000
00000000000000000000000000000030000000000000000000
00010000000000000000000000000000000000040000000000
00000000000000000000000000000003000000000000020000
000000000000A0000100004000000000000000000000000000
00000000000000000000000000000000000000000000000000
00000000000000000003000000000000000000000000000000
00010000000000000000000200000000000000000000000000
000000000000000000000200000F0203000000000000000000
00000000000000002000000000000000000000010000000000
00000000000000000000000001000000000E00000000000000
97788838597475986888992299584566434004609918882436
