00000000050000000000000000000000000F00000000000000
00000000000000000000004000000000000000000100000000
00001000000000000000000000000000000000000000000000
00000000000C0000000000000300000100100H000000000000
000000000000000E0000000000000000000000000000000000
00000000000000000000000000200000000000000000000100
0000000000000000H000000000000000000000000000100000
02000000000000000000000000000000000000000000000000
00000000000000000000000000000000000000000000000000
0000G000000000000000000000400000000000000000000000
0F000F00000000000000000000000100000000000000000000
000J0000000004000030000000040000000000000000000200
00C0G000000000000000000200000000000000000400000000
00000000000000000000003040000000000000000000000000
00000000000000000000000000040000000K00000000000000
00000000000000000000000000040000000E00000000000000
0000000000000000000000000000000000000000000000I000
0001000001E020000010000004000000000000000000000000
00000000000000000000000030002000000000000000000000
0003000000F0000000000000H0000000000000000000000F00
0000000000000000000000B0000000000000000000003G0000
00000000000000010000000000000200000000000000000000
00000000000000000000000000000000000000000000000003
00000400000002000000000000000000000000000000000004
00000000000000000000000000000400000000000000000000
00000000040000200000E00000000000030000000300000000
00000000000000000000000000000000000000000000000000
00000000000000003000000000000000000300000000000000
00100000000000000000300000000000000000000000000000
0000000000000000000C000000000000000000000004000000
00000000000000000000000000000400000000000000000000
01000000000000000000000000000000000000000000000000
0000000000000000000000000G000000000000000000000000
000000000000000000E0000000000200000000000000000000
00000000300000020000000000000000000000300000000000
00000000000000000000000000000000000000000000000000
00000000001000000000030000000000000000000000000000
00000030000000000000000000000000000000000000000000
00000000000003000000000000000000000003000000000000
00000000000000000000000004000000000000000000040000
0000000000000000000000000000000000000D000000000000
00004000000000000000000F000000000000000G0000000000
00000000000000000000004000000000000000000000000000
00000000000000000000000000000000000000000000000000
00320000000000000000000000000002002000000000000000
00200000000000000000000020000004000000001000040000
00000000J00000000000000000000000000000000000000000
00000000000000000000000000000200000000000000000031
00000000002000000000000000000000000000000000000000
97788839597475986888992299584567437304609918882436
