00001000000000001000000000000000000000000000000040
10002000000004004040000000000000000000000000200040
04000000011000000000000000020000200000000000050000
00001040000000000200000000000000000000000000000000
00230100000010010070000000000000000000000000000000
00000000000302000000000000000000000000000000000020
00300002000000000000000000000000000000000000000000
00000100000030004000000000000000000000000000000000
00014020000032000000000000000000000000100000000000
30000000000400000000100000000000000310000000000200
00600003000000000000000000000000000000000004000000
00000000000000000000000000400000000400000000000000
00220000000000000200000040003000000000000000000000
00000000300000400000000000000000000000000000000010
00000000000000300000000000000000000000000010000000
10000000000001000000040000000020000000000000030000
04000032000000000000000A000A0000000000040000000000
0000200C00000000000000B000020000000000000000400010
00080000000020000000000000000045001030000000000000
00000004000000000000000000000000000000000000003000
00000000000000000000001100000000000000000400000000
00420030000000000000000000000000000000000000000300
01000200000000000000300440000000100000000000030300
00040000000000000000000020000120000000400000000004
000010000000A0000E000B0000000300000000300000000004
1010000000000000C000000000004000000000000000000000
0000000020000A0000000B0000000010304000030000000000
00000000000000000000000200200403000000000000000000
00001000000000000000000000000000000000000010000000
03000000203000000000000000000003000000000010020000
003020000000000000000000030000000000000000300C0000
000000000000000000000000000000000000003000000E0030
00300000400000040000000000040000000000000500000000
00000000000000000002000000000000000000000030000000
003000000000200000000000000000000A0000000000000000
0030000000000000000000000100000B000000200000430000
001030000A2000000000000010000000000000002000000000
25200000000000000000000000000000000000B00000000000
0000000230C100000000B00000000000000000000010000000
014011000000000020000000000000000000A0000000204000
00033000000030000000000003000000000000000000000000
00030100104000000000000002000000000000200000200000
00000000000000000000000000000000000000020000000000
00000000000000000000000040503000000000200000000000
00000000100000000000000000000000004000000000000000
00000000000000000000000000030000000000100000000002
00000000000000000000020003004304033400004000300000
00102100002000000000000000000000044000000000000000
00000100000000000013200000000000000000002004000000
35648504087134116410112007000504452100540010440100
