00000000000000030000000000000000000000000020000000
0E000000000000000000000000000000000000000000000000
00000000000004000000000000000000000000000000000000
000000000000000000000000000G0000000000000000000000
0000000000000040000000H000000000000000000000000000
00000000000000000000000000000000000000000000000000
00000000000000000000000000000230000000000000000000
0400000K000000000000000000000000000000F00000000000
00000000001000000000000000000000000000000000004000
000C0000000000000000000000000000030000000000000000
0000000000100000000000B000000000000000000000000000
00000000000000000000000000000A0000000000000000H000
00000000000000000000000000000000000000000000000000
00000000000000000000000000000000010000000000000000
00000000000000000000000002000000000000000000000000
00000000000000000000000000000000000000000000000000
00000000000000000000000000000000030000000000000002
0000000000000000000000000000000001000000000F000000
13010000000000030000000000000000000000000000000001
00000000000000000000000000000000230000000000000000
00000000000000000000000000000000020004000000000000
000F0000000000000000000000000000000000003000000100
01000000000000000000000000000000000000000G00000000
0000000000E000000000000000000000000000000000000000
00000000000000200000000000000000010000000000000000
00014000000000000000000000400000000000000000000000
00000000000000000000000000000000000000000000000000
00002000000000000000000000003000000000000000000000
00000000000000000000000002000000000000000000000000
0000004000000000000000002300000000000000000000L000
00000000000000000000000000000000010000000000000000
004000000004000000000000000000000000000000000000D0
00000000000000000000000000000000000000000000000000
0000000000000000000G000000000000000000000000000000
00000000000000000000000000000000400000000000000000
00003000000000000000000000000000000000000000000300
00000000000400000000000000000000000000000000000010
00002000000000000001000000000000000000000000000000
00000000000000000000000000000000000000000000000000
000000000000000000000000000000000000000000000B0000
00000000000000000000000000000000000000000000000000
00000000000000000000000000000000000000000000000000
3000000E000000000000000000000000000000000000004000
00000000000000000000000000000040000000000000000000
00000000002300010000000000000000000000G00000000000
00000000000000000000000000000000000000000000020000
000000000000000000000000I0000000000000000000000000
00000000000000000000000000000000000000000000000000
00000000000000000000000000000000000000000000000000
99888879599675988888998399785677549395609918889636
