00000010040000004000001001000000000000000000000000
03000000000000000000000000000000000000300000000000
00000000000000000000000000000000000002000000050000
00000000000000000000000000000000000000000000000000
00000000000000000000000000000020000000000000000000
00000000000000000000000000000000000000000000000000
000000000000000000C0000000000000000000C00000400000
00000000000000000000000000000000000000000000000000
000000000000000000000000000000000000040000000A0000
00000000000000000000000000000040000000000000000000
00004000000000000000000D00400004000000000000000000
00000000000000000000400000000000010003000000100000
00000000000040000000000000000000200000003000000030
0A004000000000000000000000000000000000002000000010
00000000000000000000000000000000000000000000000000
00000000000000000000000000000000000000000000000000
00000004000000000000300000000000000000000000000000
00000102000000000000000000000000000000000001000000
00000000000000000003300000000000000000000000000000
00000000000000000000000000000030040000000000000000
00030000000000000000000000000000000010000000000000
000000000000000B0000000000000000000000000000000000
03000000000000000000000000000000100000000000030000
000000000000000000000000000C0000020000000000000000
000000000000000000000000000A0000000000000000000000
00000300000000000000000000000000000000000000000040
00000000000000000004000000000000300000000200000000
00000000100000000000002000030000002000000000000000
00000000000000000300000000000000000000000000000000
00004000000000000000000000000C00000003000000000000
00000000000000000000600000000000000001030000000000
00000000000000040000000000000000000000000000000000
00000000004000000000000000200000000000000000000000
000000000000000000000000000400000000A0000000000000
00000000000000000000000000000000000000000000000000
00000100000000000000000000000000000000000000000000
00000000000000010000000000000000000000000000000000
00000000000000000000000000010000000000000B00000200
00000000000003000000000000000000000000000000000000
00000000000000000000000030000000000000000000000000
00400000000000000000000000000000000000000000000000
00000000000000000000000000040000000000000100000001
00000000000000000000000000000000000000000000000000
03000000000000000A00000000000000040000000000000000
00000000000000000000000002000001000000000000000000
00000000000000000000000000000000000000000000000000
10000000000000000000000A00000000000003000000000000
00000000040000000040000000000000000000000000000000
00030000000000000000000000000000000000000000000000
55668504087134516410132007000500000000000214440100
