00400000000000000000000000000000040000000000000D00
00000000000000000000000000400000000000000000000000
0000000000000000000000000000000I000000000000000000
00000000000000000000000000001000000000000000000000
00000000000000000000000000000000000000000000000000
00000000000000000000000000000000000000000004000000
00000300000000000000000000000000000000010000000000
00000000000000000000000000000000000000000000000000
00000000000000040000000L00000000000000000000000000
00000000000000000000000000000D00000000000000000000
00000000000000000000000000001000000000000000040000
00000000000000000000000000000000000000000000000000
0000000F000000000000000000000000000000000000000200
00000000000000000000000000000000000000000000000300
000000000000000000000000000I000000E000000000000000
00000000000040000000000000000000200000000000000000
00000000000000000000000000000000000100000000000000
00000000000000000000000000000000000000000000000000
00000000000000000000000000000000000000000000000000
6000000000000000000000H003000000000000000000000000
00000000000000000000000000000F00000000000000000002
00000000000000000000000003000000000000000000000000
00000000000000000000001000000000000000000000000000
0000000000000000000000000000000000D000000000000000
000000000000000000000000000000000000E00000F0000000
00000000000003000000000000000000000000000000003000
00000000000000000000000030020000000000000000000000
000000000000000000000000000000000000B0100000000000
00000000000001000000000000040000000040000000000000
0000000000H00000000H000000000000000000000000000000
00000000000000000000000000000000000000000000000000
00000000000000000000010000000000000000000000000000
000002000000000000G0000000000000000004000000000000
00000000000000000000000000000000000000000000000000
00000000000000000000000000000000000000000000000000
0000C000000000200000000000003000000000000000010030
0000000000H000000F00000000300000000000000000100000
00000000000000000000000000000000000000000000000000
00001000000000000000000000000000004000000000000000
00000000000000000000000000000000000000000000000000
30000000000000000000000000000000000000000000000000
00000000000000000000000300000000000000000000000000
000000020J0000100000000000210000000000000000000000
00000000000000000000000000000020000000001000000000
00000000000000000000000000000000000000000000000000
00400000000100000000E00000000000000000000000004030
00000000000000000003000000000000000000000000000040
000I0000400000000000000000000000000000000000000000
00000000000000000000000000000000000000000400000000
99888839599475988888996399785677549304609918882436
