00440000000000000000000000000000000000000000000000
70000000000000400000000000000000000000000000000000
03000000000000000000000000000G00000000000000000000
04300000000000000000000000000000000004000000000000
04000000000000000000000000000000000000000000000020
10000000000000010C02000000000000000000000000030000
03000000000000000000000000000000000000000000000000
020000000000000000000000000000000040000000000000E0
00000000000000000000000000000000000000000000000000
00000000000000000000000000000200000000000C00000000
00000000000000006000000000000000000300000000000000
00000000000000000000000000000000000000000000000000
00000000000000000000000000040000000000000000000000
00000000030000000000000000000000000000000000040000
000C0000000000000040000000000000000000000000000000
00000000000000000000000000000000000000000000000000
00000000000000000000000000005000H00000000000000000
00000000003000000000000000000000000000000000000000
000000H0200040000000300000000000000000000000000002
0000000000000000000000000000000000010A000100000000
00000000000000010000000000000000000000000000000000
00000000000000000000000000000000000000000000000000
00000020020000000000000000000000000000000000000000
00000000000400004000000000000000000000000000000000
20002000000000000000000000000000000000000000000000
00000000000000000000000000000000000000000000000000
02000000000020022000000000000000000000000000000000
3001000000000000000000000000000000000A000000000000
00000000000000000000000200000000000000000000000004
00000000000000000000000000000300000000000000000000
00000000000000000000000000000000000400000000000000
40000000000000000004000000000006000000000000000002
00000000000000000000000000000000000000000000004000
00E00000000000000000000000000000000000000000000000
000000000000000000000000400000000G0000000000000000
00000000000000000000000000000000000000000000000000
00000000000000000000000000000000000000000000300400
0000000020000000000000000000000000400000B0020004I0
000000000000000G0000000000000000003000000000000000
00000000000000000400000000100000000000000000000004
00040000000030000000000000000001000000000000000010
00000000000000000100000000000000000000000000100000
00000000000000000040000000000000403000000000000000
0000000000000000000000C000000500004000010000000000
0000000000000D000000000000020000H00000000000000000
00600000000000000000000000000001000100600000400000
0000B000310000000000000000000000000040000030000000
0000000000000000000000000000000G00004000F000000010
00000000000000000000000000000000000000000000000400
77668808397275646785982219044560334004004618780134
