00000010000000000200000020000000000000000001000000
00000000000000000000000000000000000000000400000000
00000000000010000000000000000000400000030000000000
00000000000000000001000000000000000000000000004000
00000400000000000000000000000000002000000000000000
00000000000000000000000000000200000001000003000000
00000000000000000000000000000000000000000000000000
00000004000000000300000000000000030000000100020000
000000E0000400000000000000000000000000000001000000
00000000000000000000000000000000200000000000000000
20300000000000000000000000000000000000000003000000
00000000040000000000000000000000000000000000000000
00000000000404000000000100000000100040000000000000
00000000000000000000000000000000000000000000000000
00000000000000000000000000000002000000000000000000
00000000000000000000100000000003000000400000000004
000000F0000000000000000000000000004001000000200000
00000000000000000000400000000100000000000000000000
00000000000002100000003000000000000000000000010020
00000000000000000000000000000000000000000300000020
00000000000010000000000000000004000000000104002000
00000000000000000000000000000000000000000000000000
00000000004000000000400020000000000000000000000000
00000040000000C00000000000000040000000000001000000
00000000000000000000000001000000000000040000000000
00000000000002000000000000000000000000000000000000
00200000000000004000000040000000000000100000000000
00000000000000000000000000000300000000000000000000
00000000000010000000004000000000000000000000000000
00000000000000000000000000000000000000010000000000
00000000F00000000000000010000000000000000000000000
0080000000030000000000000004000600A000010000000000
00000000000000000000000000000000000000000000000100
00000000000000000000000000000030000000020000000000
00004000000000100000000000000010000000000000000000
B0000000000000000000000000000000000000000000002000
00000000000000000000000000000000000000000000000000
00110000000000000000000030000000000000000000000000
00000040000000003400000000000000000000000000000004
600000000000000E0000000000000000000000000000000604
00010000000000000000000001000000000004000000000020
50400000100001000004020000000000000000000000001000
40000000000004000000000000000000000400000000003401
0400002000000J030040000000000000030000000004000000
00050000000000040020000020000000300000B00000000002
0036000270000000040I0000000000000000000B0000001000
400010E02000030000000000000G0000000000000000000000
05404001405000000000001000000000000000000000000102
30000002000040000000000200000B00000000000000000000
97768838397475946888982299354564434004009918882436
