00000000000000000000000000000000000000000000000000
G00000000000F0000000000000000000000000000000000000
0E000000000010000000000000000000000000030000000000
00000000000000000001000000000000000000000000004000
00000000000000000000000000000000000000000000000000
00000000000000000000000000000000000001000000000000
0000E000000000000000000000000000000000000000000000
0000B004000000000000000000000000000000000100000000
00000000000400000000000000000000000000000001000000
00000000000000000000000000000000200000000000000000
00000000000000000000000000000000000000000000000000
00000000000000000000000000000000000000000000000000
00000000000404000000000000000000000000000000000000
00000000000000000000000000000000000000000000000000
0000000000000000000000000000000200000000F000000000
00000000000000000000000000000000000000400000000001
0000F000000000000000000000000000004001000000200000
00000000000000000000000000000000000000000000000000
00000000000002000000000000000000000000000000010000
00000000000000000000000000000000000000000300000000
00000000000000000000000000000004000000000100000000
000000000000000C0000000000000000000000000000000000
00000000000000000000400000000000000000000000000000
00000000000000000000000000000040000000000001000000
00000000000000000000000000000000000000040000000000
0A000000000002000000000000000000000000000000000000
00000000000000004000000040000000000000100000000000
00000000000000000000000000000300000000000000000000
00000000000010000000000000000000000000000000000000
00000000000000000000000000000000000300000000000000
0000000000000000000000001000000000A000000000000000
004000000F0000000000000000040006000000010000000000
00000000000000000000000000000000000000000000000100
00000000000000000000000000000030000000020000000000
00004000000000000000000000000010000000000000000000
00000000000000000000000000000000000000000000000000
00000000000000000000000000000000000000000000000000
0B110000000000000000000000000000000000000000000000
00000000000000000000000000000000000000000000000004
6000000E00000E100000000000000000000000000000000404
00010000000000000000000001000000000000000000000020
500000000000000000040200I0000G00000000000000001000
4000000000000400000000000000000000040E000000003401
04000020000001030040000030000000030B00000000000000
000200000000000400000000200B0000300000000000000002
003600027000J0000400000000000000000000000000000000
40001070200003000000000000000000000000000000000000
05404001405600000000001000000000000000000000000102
300000020000400000000000000G0000000000B00000000000
97768838397475946888982299344564434004009918882136
