00000000000000000300100000000000000000000000000000
00000000000000000000000000000000000000000003000000
0000000000000000000000000000000000000000J000200000
000000G0000000000000000000000000000000000000001000
00000000000000000000000000000000000000000002000000
0000000000000030000000F000000000000000000000000000
00000000000000000000000000000000000000000000000000
00000000000000000000003000000300000000000000000000
00000000000000000000000000000000000000000000000000
00000000000000000000000000000000000000000000000000
00000000000000000000000000000000000000000000000000
00000000000000000020030000000000000000000000G00000
00000000000000000000000000000000000000000000000000
00000000000000000000000000000000000000000000000000
00000000000000000000000000000000000000000000000004
00000000000000000000000000300000000000000000000000
00000000000000000000000000030000000000000000000000
00000003000000000000000000000000000C00000000000000
00000000004000100000000000000000000000000000000000
00300000001000400000000400000000000000000000000000
000000000000000000000000000000000002000000000H0000
00000000000000000000000000000000000000000000000000
00000000040000000000000000000000000000004000000E00
000000000000000400000000000000000000I0000000000000
30000030000L000000J0000000000000000000000000000000
00000000000300000000000000000000000000000000000000
0101000I000000H00000000000001000000010000000000000
00000000000000000003000000000000000000000000000000
00000000000000000000000000020000000000000000000000
00000000000000000000000000000000000000000000000004
00200002000000000000000000000000000000000000400000
000001000000000000000E0000000000300000000000000000
00000000000000000030000000000000000000000000000020
000000000000000000000000000000000000F0000000000000
00000100000000000000000000000000000000000000000000
20100000000000000000000000000000000100000000010000
00000000000000000000000000000000000000000000000000
300000010000000000000000000000000000G0000000000000
00000000000000000000000000000000040000000004000000
00200000000000000000G00000000000000000000000000300
00000000000000000000000500000003000000400000001003
02000000000000004000040440000000300000000030000000
00000000000000000000000000000002000000020000000000
000000030000000000000000000000000020000000000E0000
00010000000000000400000000000000000400032000000100
030003000000000H0000400000000000000010000000000000
0003000000000000102000000000000H040102000400000000
00400440000000000000000000000000000000002003400000
20040000000000000010000000000000000000000010000040
99888879599679988888998399785697549395609948889636
