00000000000000000000000000000000000000000000000010
00200000000000000004000000000000000000000000000000
00000000200000000300000000000000000000000000000330
00000000000000000000000000000000000000000000000000
20000000000000000000000000JH000000000000000000E0C0
00000000000000000000000000000000000000000A00000043
00000000000000000000000000000000000000000000000000
00000000000000000000000000000000000000000000000000
0000000000000000000000000H000000000000000000000200
00000000000000000000000000000002000000000000000000
00000000000000000000000000000000000000000000000004
00000000000000000000000000000000000000300000000010
00000000000000000000000000000000000000000000003004
00000002000000000000000000000000000000000000000020
0000000000000F0A0000000000000000000000000000003002
0040000000000000000000000000000000C000000000400000
00000000000000000000000000000000000000000000000004
00000000000000000400000000000000000000000000000000
00000000000000000000000000000000000000000000000000
04000000000004000000000000000000000000000000000000
0000000000000000000000000000000I000000000000000000
00000000000000000000000000000000000000000000000000
00000000000000000000000000002000000000000000000000
00000000000004000000000000000000000003000000000000
00000000000000000000002000000000000000000000000000
00000000000000000000000000000000330000000000000000
00000000000000000000000000000000000000400000004000
00000000200000000000000020000000000000000000000000
00000000000000G0000000000000F100000000000040040000
00000000000000000010000000000000000000000000000000
00000000000000000000000000000000000000000000000000
00000000000000000000030003000000000000000000040000
000000000000G0000000000000000000000000000000000000
00000000000000000000000000000000000000000000000001
0000F000000000000000000000000000000000000000000000
000003000000000400000000000000000G0000000000000000
00E00000000000000000000000000020000000000000000000
00000000000000000000000000000000000004000000000000
00000000000000020000000340000000000000000004000000
00000000000010000010000000002000000000000000000000
00000000000000000000000000000000000000000000000000
00000000000000000004000000000000000300000000000000
A00C0000000004000000000000000000000000000000000000
0400000000000C000000000000000000000000000000000000
02000000000000000000000000000000000000000000000000
00000000005000440000000000000000000000000000000000
00000002003000000000100000000000000000000000000000
000000000000G00000000E0000000000000000000000000000
000C0000000000000000000000000000000000000000000020
99788839599475986888996399585677447304609918882436
