00000000000000000000000000000000000000000000000030
A000000000000000000000000000000000000000A000000000
000000000000B0000000000000000000000000000000000000
00000000000000000000000000000000000000A00000000000
000200000000D000000000000000000000000000000D000000
0000000000000000000000A000000000000000000000C00000
00000000000000000000000000000000000000000000000000
00000000000000000000000000000B00400000030000000000
00000000000000000000000300000000000000000000002000
00000000000000000000000000000000000000000000000000
00000000000000000000000000000000000000000000000000
00000000000000000000000000000000000000000200000000
D00000000000000000000000000000000000000000E0000000
00000000002000000000000000G00000000000000000000000
00000000000000000000000000000000000000000000000000
00000000000000000000000000000000000000000000000000
00000000000000000000000000000000000000000000000000
0000000000000000000000000000000000B000000000000000
00A00000000000000000000G00000000000000000000000000
00000000000000000000000000000000000000000000000000
00000000000000000000000000000000000000000000000000
00000000000000000000000000000000000000000000000000
00000000000000000000000000000000000000000000000000
00000000000000000000000000000000000000000000000000
00001000000000000000D00000000000000000000000000000
00000000000000000000000000000000000000000000000000
00000000000000000000000000000000000000000000000000
00000000000200000000000000000000000000000000000004
00000000000000000000000000000000000000000000000000
00000A0A000000000000000000000000000000000000000000
00000000000000000000000000000000000000000000000000
00000000000000000000000000000000000000000000000000
00000000000000000000000000000000000000000000000000
00000000000000000000000000000000000000000000000000
00000000000000000000000000000000000000000000000000
0000000000000000000000B000004000000000000000000000
00000000000000000000000000000000000000000000000000
00000000000000000000000000000000000000000004000000
0000000000000000000000000000000000000000000000B000
00000000000000000000000000000000000000000000000000
00000000000000000000000000000000000000000000000000
00000000000000000000000000000000000000000000000000
00000000000000000000000000002000000000000000000000
00000000000000000000000000000000000000000000000000
00000000000000000000000000000000000000000000000000
00000000000000040000000000000000000000000000000000
0000000000000000000000000000000000000000000000A000
0000000000000000003000000000000000000000000C000000
00000000000000000000000000000000000000000000000000
77668804087134516710172007040520004000000214770100
