000000000000000003000000000000000000J0000000000000
00000000000000000000000000000000000000000003000000
00000000000000000K00000000000000000000000000200000
00000030G00000000000000000000000000000000000001000
00000000000000000000000000000000000000000000000000
000000000000000000000000000000000D0000000000000000
000000000000000000000F0000000000000000000000000000
00000000000000000000003000000000000000000000000000
00000000000000000000000000000000000000000000000000
0000000000000000000000000000000000000000000G0E0000
00000000000000000000000000000000000000000000000000
00000000000000000020000000000000000000000000000000
00000000000000000000000000000000000000000000000000
00000000000000000000000000D00000000000000000000000
00000000000000000000000000000000000000000000000004
00000000000000000000000000000000000000000000H00000
0000000000000000000000000003000000000C000000000000
000000030000000000000000000000000000000000000D0000
00000000000000100000000000000000000000000000000000
00300000001000400000000400000000000000000000000000
0000000000000000000000000000000000020000D000000000
00000000000000000000000000000000000000000000000000
0000000004000000000000000000000000000000400000E000
00000000000000040000000000000000000000000000000000
300000300000000000000000000000000000000000000000N0
000000000003000000J00000000000000I0000000000000000
01010000LI000000H000000000001000000010000000000000
00000000000000000003000000000000E00000000000000000
00000000000000D00000000000020000000000000000000000
00000000000000000000000000000000000000000000000000
0020000200000000000000000E000000000000000000400000
00000100000000000000000000000000300000000000000000
00000000000000000030000000000000000000000000000020
00000000000000000000000000000000000000000000000000
0000010000000000000G000000000000000000000000000000
201000000000000000000000000000000000FG000000010000
00000000000000000000000000000000000000000000000000
30000001000000000000000000000000000030000000000000
00000000000000000000000000000000040000000004000000
00200000000000000000000000000000000000000000000300
00000000000000000000000500000003000000400000001003
02000000000000004000040440000000300000000030000000
0000000000F000000000000000000002000000020000E00000
00000000000000000000000000000000002000000000000000
00010000000000000400000000000000000400032000000100
03000300000000H00000400000000000000010000000000000
000300000000000010200000000000H0040102000400000000
00400440000000000000000000000000000000002003400000
20040000000000000010000000000000000000000010000040
99888879599679988888998399785697549395609948889636
