0000100000000000100000000000000000000A000000000040
10002000000004004000000000000000000B0E000000200040
04000000011000000000000000020000200000000000050000
00001040000000000200000000000000000000000000000000
00200100000010000070000000000000000000000000000000
00000000000302000000000000000000000000000000000020
003000020000000000000000000000000D0000000000000000
00000100000030004000000000000000000000000000000000
00014020000032000000000000000000000000100000000000
30000000000000000000000000000000000010000000000000
00600003000000000000000000000000000000000D00000000
0000000000000000000000000040000E000400000000000000
00220000000000000200000000003000000000000000000000
00000000300000400000000000000000000000000000000010
00000000000000000000000000000000000000000010000000
100000000000010B0000040B00000020000000000000030000
04000032000000030000000030000000000000000000000000
00002000000000000000000000020000000000000000400010
000800300000200E3004000000000045001000000000000000
00000034000000000000000000000000000000000000003000
0000000004C000000000001030000000000000000000000000
00420030000000000000000000000000000000000000000300
00000200000000A00000000440000000000000000000030300
00000000000000000000000000000120000000400000000004
00001000000000000000000000000300000000300000000004
10100000000000000000000000004000000000000000000000
000000002000000000A0000000000010304000030000000000
00000000000000000000000200200403000000000000000000
00001000000000000000000000000000000000000010000000
03000000203000000000000000000003000000000010020000
00300000000000000000B00003000000000000000030000000
00000000000000000000000000000000004B00300000001000
00300000000000040000000000000000000000000500000000
00000000A00000000002000000000000000000000030000000
00000000000020000000000000000000000000000000000000
0030000030000000B000000001000000000000200000430000
001030000220000000000000100000000000000020000000C0
22200000000000000000000000000000000000100000000000
00000000304100000000000000000000000000000000000000
01401100000000002000000000000000000040000000200000
000030000000300000000000000000000C0000000000000000
0003010010400000000000000200000B000000200000200000
00000000000000000000000000000000000000020000000000
00000000000000000000000000503000000000200000000000
000000001000000000000000000000000000000000B0000000
00000000000000000000000000000000000000100000000000
00000000000000000000020003000304033400004000000000
00102100002000000000000000000000044000000000000000
00000100000000000010200000000000000000002004000000
35648504087134116410102007000504352100540010440100
