00000000050000000000000000000000000000000000000000
00000000000000000000004000000000000000000000000000
0000100000H000000000000000000000000000000000000000
00000000000H00000000000003000000001000000000000000
00000000000000000000000000000000000000000000000000
00000000000000000000000000200000000H00000000000100
000000J0000000000000000000000000000000000000000000
0C000000000000000000000000000000000000000000000000
00000000000000000000000000000000000000000000000000
00000000000000000000000000400000000000000000000000
00000000000000000000000000000000000000000000000000
00000000000004000000000000000000000000000000000200
0000000000000000000000020000000000000000000D000000
000000000000000000000000400000000000000000F0000000
0000F000000000000000000000040000000000000000000000
000000000000000000000000000400000000000E0000000000
00000000000000000000000000000000000000000000000000
00000000000000000010000004000000000000000000000000
00000000000000000000000030002000000000000000000000
00030000000000000000000B00000000000000000000000000
0000000000E000000000000000000000000000000000300000
0000000000000001000000000000020000000000000000004G
00000000000000000000000000000000000000000000000003
00000400000000000000000000000000000000000000000000
00000000000000000000000000000400000000000000000000
00000000040000000000000000000000030000000300000000
00000000000000000000000000000000000000000000000000
00000000000000003000000000000000000300000000000000
00000000000000000000300000000000000000000000000000
00000000000000000000000000000000000000000000000000
00000000000000000000000000000000000000000000000000
010000000000000000C0000000000000000000000000000000
00000000000000000000000000000000000000000000000000
000000000000000000000E0000000200000000000000000000
00000000000000020000000000000000000000000000000000
00000000000000000000000000000000000000000000000000
00000000001000000000000000000000000000000000000000
00000030000000000000000000000000000000000000000000
00000000000003000000000000000000000003000H00000000
00000000000000000000000004000000000000000000040000
00000000000000000000000000000000000000000000000000
00004000000000000000000300000000000000000000000000
0000000000000000000000400J000000000000000000000000
00000000000000000000000000000000000000000000000000
00320000000000000000000000000002002000000000000000
00000000000000000000000020000004000000001000040000
000000000H0000000000000000000000000000000000000000
00000000000000000000000000000000000000000000000031
00000000G02000000000000000000000000000000000000000
97788839597475986888992299584567437304609918882436
