00000010040000004000001001000000000000000000000000
03000000000000000000000000000000000000300000000000
40000000000000000000000000000400000002000000050000
00000000000000000000000000000000000000000000000000
00000000000000000000000000000020000000000000000000
00000000000000000000000000000000000000000000000000
0000000000000000000C000000000000000000C00000400000
00000000000000000000000000000000000000000000000000
0000000000000000000000000000000020000400000000A000
00000000000000000000000000000040000000000000000000
00004000000000000000000000400004000000000000000000
00000000000000000000400000000000010003000000100000
00000000000040000000000000000000200000003000000030
00004000000000000000000000000000000000002000000010
00000000000000000000000000000000000000000000000000
A0000000000000000000000000000000000000000000000000
00000104000000000000300000000000000000000000000000
00000102000000000000000000000000000000000001000000
00000000000000000003300000000000000000000000000000
00000000000000000000000000000030040000000000000000
00030000000000000000000000000000000010001000000000
00000000000000000000000000000000000000000000000000
03000000000000000000000000000000100000000000030000
000000000000000B00000000000C0000020000000000000000
0000000002000000000000000000A000000000000000000000
00000300000000000000000000000000000000000000000040
00000000000000000004000000000000300000000200000000
00000000100000000000002000030000002000000000000000
00300000000000000300000000000000000000000000000000
000040000000000000000000000C0000000003000000000000
00000000000000000000600000000000000001030000000000
00000000000000040000000000000000000000000000000000
00000000004000000000000000200000000000000000000000
00000000000000000000000000040000000000000000000000
0000000000000000000000000000000000000A000000000000
00000100000000000000000000000000000000000000000030
00000000000000010000000000000000100000000000000000
00000000000000000000000000010000000000B00000000200
00000000000003000000000000300020000000000000000000
00000000000000000000000030000000000000000000000000
00400000000000000000000000000000000000000000000000
00000000000000000000000000040000000000000100000001
00000000000000000000000000000000000000000000000000
030000000000000000A0000000000100040000000000000000
00000000000000000000000002000001000000000000000000
00000000000000000000000000000000000000000000000000
10000000000000000000000000000000000003000000100000
00000000040000000040000000000000000000000000000000
00030000000000000000A00000000000000000000000000000
55668504087134516410132007000500000000000214770100
