00000010000000000200000020000000000000000001000000
00000000000000000000000000000000000000000400000000
00000000000010000000000000000000000000030000000000
00000000000000000001000000000000000000000000004000
00000400000000000000000000000000002000000000000000
00000000000000000000000000000200000001000003000000
00000E00000000000000000000000000000000000000000000
00000004000000000000000000000000030000000100020000
00000000000400000000000000000000000000000001000000
00000000000000000000000000000000200000000000000000
20000000000000000000000000000000000000000003000000
00000000000000000000000000000000000000000000000000
00000000000404000000000100000000000000000000000000
00000000000000000000000000000000000000000000000000
00000000000000000000000000000002000000000000000000
00000000F00000000000000000000000000000400000000001
00000000000000000000000000000000004001000000200000
00000000000000000000000000000100000000000000000000
00000000000002100000003000000000000000000000010020
00000000000000000000000000000000000000000300000020
00000000000000000000000000000004000000000104002000
00000000000000000000000000000000000000000000000000
00000000004000000000400020000000000000000000000000
00000000000000C00000000000000040000000000001000000
00000000000000000000000001000000000000040000000000
00000000000002000000000000000000000000000000000000
00000000000000004000000040000000000000100000000000
00000000000000000000000000000300000000000000000000
00000000000010000000004000000000000000000000000000
00000000000000000000000000000000000000010000000000
00000000000000000000000010000000000000000000000000
00800000000300000000000000040006000000010000000000
0000000F000000000000000000000000000000000000000100
0000000000000000000000000000003000A000020000000000
D0004000000000100000000000000010000000000000000000
B0000000000000000000000000000000000000000000000000
00000000000000000000000000000000000000000000000000
00110000000000000000000030000000000000000000000000
00000000000000000400000000000000000000000000000004
60000000000000E000000000000000000D0000000000000604
00010000000000000000000001000000000004000000000020
50400000100001000004020000000000000000000000001000
40000000000004000000000000000000000400000000003401
04000020000001030040000000000000030000B00004000000
0002000000000004002I0000200000003000000B0000000002
003600E270000J000400000000000000000000000000001000
400010702000030000000000000G0000000000000000000000
05404001405000000000001000000B00000000000000000102
30000002000040000000000200000000000000000000000000
97768838397475946888982299354564434004009918882436
