00000000000000000001111000110100111050100001210011
00000000000000000000101110111110010011504201011100
00030000220000000430111011101003011101000141031111
20000000000000001000010070030010011020101100000000
00000000000000000000101110101100001005010100010000
01000000000000000000100001002101000000001020101100
00000000000000300000110114110000001003110101011010
02000000000000000011101200000410004101101111110121
01000000000000000100011100100001110411010111001100
12000000000003030010000001000000040010010410100100
00000000000000001100100A00000001010100110011411100
30000002000201000411000071100000004010110110000100
01040000000000400000000100000010010111010002000130
10000000100000000000000102001000311011100105010001
00000000A00000010000000130100110110001000140000010
00300000201003001304110010001000200000000210110162
00001000001000000100101210000021311100000004000201
00000000000000000130000000000100100100110000100111
01000001000000000000000001030001011130101010101030
0110000000000000000000002A104110110101115011100400
00004001000002000000000001111000100000500002111001
10000000200000000000000001101100001001110101000101
00000000000000000000000000000000101411111111011002
00000000000000000000000100010001010101210000151110
00000000000000000000000011000000011011010110000000
00000000300030000000001110100A00001111110101000000
00000000000000000000010431020010101101110000000101
0000000000030000000B000000004110000000300000000004
0000010400000000000000100000011A100020113203000000
00000003000000000000000110011114000101100000000000
10000000000000000000023001111100000000000000000000
00000000000000300001033111011000000000000000000000
B0000000000300301021010000011000000100000000000000
00000000000000000010111001001500010400000000000000
00000000000000403021010110000000001000000000000000
0040040010000000000041131011010001014010000000A000
00000000001000003301111110010012110110000000000000
00000000000000001000200111010001010100000000000000
010000000000000000011001000A0000200001000000000000
010000000000000B1010010100001100010000000000000000
10030000100000100000001101000100140100000000000000
11000000110101010131500000010021410001000000000000
10110000000024011111110000031003000000000300000000
11100110000003111000000400121001101000000000000000
14010100100010000100100031101000001000000030000000
011110012111000000A0011101000001011000000020000000
01101110100011000100211011102000002000000000000000
11100131111113000100111011500000002001000000030000
01010001111111401100040410111000000101003040000000
0041550001000011110010141101A101110010140010000000
