00000000400000A000000A0000110000000402040001210011
00400000000000000000000010100000030000504231011100
00200000000000000000511001000000000000400141031111
00000000000000000000010070090000000000001101000400
00003000000010000020101110101000000000010020012000
00000000000000000000000400002000000000000000241100
00000000000000000000100000010000000000000001011010
00000000000000000001200000000000000000000001110122
000000000000000A00000000A0000000000000000001001100
0000B000000000000000020000000000000000000400100400
00000010000000001100100000000100000000000011411101
00000000000000004650000000000000000000000110001103
00000000001000000000300000000000000000000002000130
000000000000000A0000000000000000000000000105010301
00000000000000000000000000000000000000020000000014
000000000010000000000A000000000000300000000320A000
24000000031000000000002000000000000000300004000000
00000000000000000000000000000000002000000000100101
00000004000000000000000000000000000000000000001130
000000000000000000000A0000000000000000010000000400
00000000000000000000000000000034000000520000111001
00400000200000000000000000000000000001100100000101
000000000000000000A00000A0000000000000000000001002
000000000000000000300000000000000000010000000A1110
0000002000000000000000000000000000001A000110000000
00000003000400000000000000000000000000000024001002
00000000000000000000000000000000000000000000000111
000000000000000000040000000000000000000000001A0004
00001000000000000000000000000000000000200003000000
00000000000003000000000400000000000000000000000000
00000000000001000000000000000001000000A00000000000
00000000000002000000000000000000020302000030000000
00000000200000000000000000000000000000000000000000
00000000001000000000000000400000000000000000000000
00000030000000000020000000000000000000000000000000
00000000000000000000000000000000000000000000000000
30030000000000000000000000000000000000000000000000
00000000000000000000004000000000000000000000000000
00000004000000000000000000000000000000000000000400
01000000000400000000000000000000000000000000002400
00000020000000000000000000000000000000000000004000
00000000000000000000000000000000000000000000000200
0C000000000000000000000002000000000000000000000000
00003000000000000000000000000000000000001000000000
00003000000000000000000000000000000000000070100008
00000000000000000000000000000000000000000020000000
00000000000000000000000000000000030000004000020000
0A000000300000000000000000000000000001000000030000
00000000000020000000000000000000000101408040000000
02415500050100114100101400000101110030140010000000
