00000000000000000001111000110100111050100001210011
00000000000000000000101110111110010011504201011100
00030000220000000430111011101003011501000141031111
20000000000000001000010070060010011020101100000000
00000000000000000020101110101100001005010100010000
01000000000000000000100001002101000000001020101100
00000000000000300000110114110000001003110101011010
02000000000000000011101200000410004101101111110121
01000000000000000100011100100001110411010111001100
12000000000003030010000001000000040010010410100100
00000000000000001100100000000001010100110011411100
3000000A000201000451000000100000004010110110000103
01040000000000400000000000000010010111010002000130
10000000000000000000000002001000311011100105010001
00000000000000010000000A30100110110001000140000010
00300000001003001304110010001040200000000210110162
00001000001000000100101210000021311100000004000201
00000000000000000130000000000100100100110000100111
01000001000000000000000000030001011130101010101030
01100003000000000000000000104110110101115011100400
00014001000002000000000000101000400000500002111001
10000000200000000000000001001100001001110101000101
00000000000000000000000000000000101411111111011002
000000000000000000000001000A0001010101210000151110
00000000000000000000000011000000011011010110000000
00000000300030000000001110100000001111110101000000
00B00000000000000000010431020000A01101110000000101
000000000003000000B0000000004110000000300000000004
00000104000000000000001000000110100020113203000000
00000003000000001000000110011114000101100000000000
10000000000000000000023001111100000000000000000000
00000000000000300001033111011000000000000000000000
00000000000300301021010000011000000100000000003000
00000000000000000010111001001500010400000000000000
00000000000000403021010110000000001000000000000000
00400400100000000000411310110000010140100000000000
00000000001000003301111110010A02110110000000000000
00000000000000001000200111010001010100000000000000
01000000000000000001100100000000200001000000000000
01000010000000001010010100000100010000000000000000
10030000100000000000001101000100140100000000000000
11000000110100010131500000010021410001000000000000
101100000000240111B1110000031003000000000300000000
11100110000003010000000A00121001101000000000000000
14010100100010000000000030101000001000000070000000
01111041211100000000A01100000001011000000020000000
01101110100011000000201001102000002000000000000000
11100131111113000100011010500000002001000000030000
01010001111111401100044410001000000101003040000000
00415500010000111100101411000101110010140010000000
