00400000000000000000000000000000040000000000000000
000000000000000000000000004000I0000000000000000000
00000000000000000000000000000000000000000000000000
00000000000000000000000000001000000000000000000000
00000000000000000000000000000000000000000000000000
00030000000000000000000000000000000000000004000000
0000030000000000000000L000000000000000010000000000
00000000000000000000000000000000000000000000000000
00000000000100040000000000000000000000000000000000
00000000000000000000000000000000000000004000000000
00000000000000000000000000001000000000000000040000
00000F00000000000000000000000000000000000000000000
00000000000000000000000000000000000000000000000200
00000000000000000000000000000000000000000000000300
00000000000000000000000000000000000000000000000000
00000000000040000000000000000000000000000000000000
000000000000000000000000I000000E000100000000000000
00000000000000000000000000000000000000000000000000
0000000000000000000000000000F000000000000000000000
60000000000000000000000003000000000000000000000000
00000000000000000000000000000000000000000000000002
000000000000000000000000030000000000000000000F0000
0400000000000000000000H0000000000000000B0000000000
00000000000000000000000000000000000000000000000000
00000000000000000000000000000000000000000000000000
00000000000003000000000000000100000000002000003000
00000000000000000000000030020000000000000000000000
0000100000000000000000000000000000000E100000000000
00000000000001000000000000040000000040000000000000
000000000H0000000000000000000000000000000000000000
0000000000000000000H000000000000000000002000000000
00000000000000000000010000000000000000000000000000
00000200000000000000000000000000000004000000000000
00000000000000000000000000000000000000000000000000
00000000000000000000000020000000000000000000000000
00000000000000200000000000003000000000000000010030
000C0000H000000000F0000000300000000000000000100000
00000000000000000000000000000000000000000000000000
00001000000000000000000000000000004000000000000000
00000000000000000000000000000000000000000000000000
30000000000000000000000000000000000000000000000000
00000000000000000000000600000000000000000400000000
0000000J000000100000000000210000000000000000000000
00000000000030000000000000000020000000001000000000
00000000000000000000000000000000000000004000000000
0040000000010000000E000000000000000000000000004030
00000000000000000003000000000000100000000000000040
0000I000400000000000000000000000000000000000000000
00000000000000000000000000000000000000000400000000
99888839599475988888996399785677549304609918882436
