00000000000000000000000000000000000000000000000032
03000000003000000400000000000000000000340000000004
40000022000000000000000000000000040000000000053000
00000000000000000240000000000000000000000000000000
00000000200000000000000000000000000000000000000000
00000000000000000000000000000000000000000000603000
00000000000000000000000000000000000000000000400000
00000000000000040000000000F00000000000000000000000
00070000000000000000000000000000000D00000001300000
00000000000000000001000000000000000000030003001000
00004003000000000000000000000000400100000000100000
00000000000000000000000000000000000003000050100030
00000000000000004000000000020000000000003004200030
10000000000000000000000000000000000000083000000010
00000000010100000001000000000100000A00000000000210
00000003000000000000000000000000000000000000000000
20200000000000000000000000000000000000000000004000
00000000000000000000000000400000000000000001000000
00000000030000000000000000000000000000000004002000
00000000000010000000000000000000000000000000000000
00200000000000000000000000000000000010001000000000
0000A0B0030000000000000010000000000000000000000000
03000040000000000000430A00000000000000000000B00003
00000020000000000000000000000000000000000000000000
00000000020000000000000004000000000000000300000000
00000306001000000000000000000000400000000000000000
00000300000100000008000010000000000000000000000000
000000001000000000004000040B0000000000000000000000
01300030003000030300000000000000000000000000000000
0000401000000000004000000000000000000000C000000000
000300000030000000000000000A0000000000000000000000
0000030000000004000000000000000000000000000C000000
00003000006000000010000000000000000000000000000000
00000001000000000004000000000300000000000000000002
00000200000000000000300000000000000000000000000000
00000100000004000100000000000000000000000000000000
00000000000020010000010000000000000000000000000300
00000000000020100000000200030000000000000000000200
02000000000000000400000000040000000000000000000000
02020040000100000000000000000000000000000000000000
00400000000000000001000000000004000040000000000000
00000000A000B0000001000000000000000000000040000001
00000000000000000000000000000000000000000000000000
03000000040300000000000000000000000000000000000000
00000000000001000000000000000000000000000020000000
00000000000000000000000000000000000000000000000000
100000000000200100000000000001000000001000000000B0
00000020040000000040000000000000000003000000000000
02030340000300000000000000000000000001014002000021
77668504087134516710172007000500004000000214770100
