0000A000000000000004010100110000000400A00000000000
000000000000000000000020101000000A00000000000C0000
00000000000000000000000001000B00000000300000000000
0000000004000000000001007019001000000000A000B00000
0A00000000000000A0000011102010000000000A0000000000
00000000000000000000000404002000000000000000000000
000000000000000000000000000200A0000000B00000000000
30000000000000000000020000000000000000000000020000
00000000000000000000000000100000000000000000000000
00000000000000000000000000000000000000000000000000
00000034000000000003000000001100000000000000000000
00000000000000000000004000000300000000000000000000
00000000000000000000000020000000000000000000000400
00000400000000000000000000000020030000000000000000
00000000000000000000000000010400000000000000000000
0000000000000000000000000B002000000000A00000000000
24001330031000000000000000000030000000000000000000
00000600000000A000000000200000000000000000000D1000
00020004000000000040000000000000000000000000000000
00303000000040000000000000000000010000000000000000
00200000420001020000400000000004000000520000000000
00400003240000000200000000000000000001100000000000
00000001000000000000000000000000000000000000000000
00000000000000020000000000000200000001000000000000
00000220000000000000000000000000000000000000000000
000200030004003000000000000A0000000000000000000000
20000000010000200000000000000000000000000000000000
00010000050000000000000000000000000200000000000000
00004000300010000000000000000000000000010000000000
00300322000000300000000000000000000000000000000000
00000000000000000000000000000000000000000000000000
00000000000000000000000000000000000000000000000000
01000200200000000000000000003000000000000000000000
000000000000000000000000000000A0000000000000000000
000000500000000000000000000000000000A02000000A0000
00000100003000000000000000000000000000000000000000
30A00030312000000020000000300000000300000000000000
000000000000001000000000001000040002004000000A0000
00000A00000000000000000000000000000000000000000400
03000000000000000000000000000000000000000000000600
00000020000000000000000000202000000010000000004000
01100000000000010000000000000000000040080000000200
00000000100000000000000000000000000000000040000001
00003000000000000000000000000000000040001000000010
00003000000000000000000000000000000000000176100008
00400000013000000000000000000000000000000040401000
52400000000000000000000000000002063000004014020000
00000000004000000000000000000000000001000050330000
0040000000B000000300000020000000000101408144000000
02615500080100114110101407004101320030140010000000
