00000000050400000000000000000000000000000000000000
00000000010000000000004000000000000000000000000000
000000000H00000000000000000000H0000000000000000000
C0000000000H00000000000003000000001000000000000000
00000000000000000000000000000000000000000000000000
00000000000000000000000000200000000000000000000000
00000030000000000000000000000000000000000000000000
00000000000000000000000000000000000000000000000000
00000000000000000000000000000000000000000000000000
00000000000000000000000000400000000000000000000000
00000000000000000000000000000000000000000000000000
00000J00000004000000000000000000000000F00000000200
000000000000000000000002000A0000000000000000000000
0000F000000000000000000040000000000000000000000000
00000000000000000000000000040000000000000000000000
00000000000000000000000000040000000000000000000000
0000000000000000000000000000000000000000000000F000
0000000000000000001000000400000000000000E000000000
00000000000000000000000030002000000000000000000000
00030000000000000000000000000000000000000000000000
00000000000100000000000000000000000000000000000000
00000000000000010000002000000200000000000000000000
00000000000000E00000000000000000000000000000000H03
00000000000000000000000000000000000000000000000000
00000000000000000000000000000400000000000000000G00
0000000004000000000000B000000000000000000300000000
0000000000000000000000000000000000000000000000H000
00000000000000000000000000000000000000000000000000
00000000000000000000C00000000000000000000000000000
00000000000000000010000000000000000000000000000000
00000000000000000000000000000000000000000000000000
000000000000000000000000000000000000000000H0000000
00000000000000000000003000000000000000000000000000
000000000000000000000E0000000200000000000000000000
00000000000000020000000000000000000000000000000000
00000000000000000000000000000000000000000000000000
00000000001000000000000000000000000000000000000000
00000030000000000000000000000000000000000000000000
00000000000003000000000000000000000003000000000000
00000000000000000000000004000000000000000000000000
00000000000000000000000000000000000000000000000000
00004000000000000000000000200000000000000000000000
00000000000000000000004000000000000000000000000000
00000000000000000000000000000000000000000000000000
00320000000000000000000000000000002000000000000000
000000H0000000000000000020J00004000000001000040000
00000000000000000000000000000000000000000000000000
00000000000000000000000000000000000000000000000001
00000000G02000000000000000000000000000000000000000
97788839597475986888992299584567437304609918882436
