00000010040000004000000000000000000000000000000000
0300000000000000000000000000000000000000000000A000
0000000000000000000000000D000000000002000000450000
00000000000000000000000000000000000000000000000000
00000000000000000000CA0000000000000000000000000000
00000000000000000000000000000000000000000000000000
0A000000B000000000000000000000000000000000004C0000
00000000000000000000000000000000000000000000000000
00000000000000000000000000000000000004000000000000
00000000000000000000002000000040000000000000000000
000040000000000000000000B0000004000000000000000000
00000000000000000000400000000000000000000000000000
00000000000040000000000000000000200000000000000030
00004000000000000000000000000000000000000000000010
00000000000000000000000000000000000000000000000000
00000000000000000000000000000000000000000000000000
00000004000000000000000000000000000000000000000000
00000002000000000000000000000000000000A00000000000
00000000000000002003300000000000000000000000000000
000000000000000000000000000000300400000000C00000A0
00000000B04000F00000000000000C00000010000000000000
00000000000000000000000000000000000000000000000000
0000000D000000000000000000000000000000000000030000
000000000000000000000000000000000200000000000000A0
00000000000000000000000000000000000000000000000000
00000000000000000000000000000000000000000000000000
00000000000000000004000000000000300000000200000000
00000000100000000000000000A40000002000000000000000
00000000000000000300000000000000000000000000000000
000040000000000000000000000000000000030000000A0000
00000000000000000000000000000000000001030000000000
00000000000000040000000000000000000000000000000000
00000000004000000000000000200001000010000000000000
00000000000000000000000000040000000000000000000000
00000000000000000000000000000000000000000000000000
000000000000000000000000000000000000000000000B0000
00000000000000010000000000000000000000000000000030
000000000000000000000000C0000000000000000000000000
00000000000003000000000000000000000000000000000000
000000000000000A0000000000000000000000000000000000
00400000000000000000000000000000000000000000000000
00000000000000000000000000040000000000000100000001
000000000000000000000000000000000000000000000A0000
03000000000000000000000000000000040000000000000000
00000000000000000000000000000000000000000000000000
000000000000000600000000000000A0000000000000000000
10000000000000000000004000000000000003000000000000
00000000000000000040000000000000000000000000000000
00000000000000000000000000000000000000000000000000
55668504087134516410132007000500000000000210440100
