00000000000000000000000000000000003000000000000000
01200000000000000000C00000000000000400000000030000
0400000020000000000000000D000000001020000000000000
00000000000000000000000000000000000000000000000000
20002000000000000000000000000000010000000030000000
00400002000000000000000000100000000002000000000000
00000000000000000000000000000000000000001000000000
00000000000000000000000000100000000000000000000000
00000000000003000000002200000000000000000000C00000
00010000000000000000000000000000000000000000000000
00000000000000000000000000000000000000000000000000
00000003100000000000000000000000000000000000000000
000000000000000000000001010000B0000000000000000000
0000000200000000000000000000000000000000000000EC00
0000001000000G0G0000000000000000000000000000000000
00400000001000000000000000000000000000000000000000
03000000000000000000000000000002000000000000000000
00000000000000000400000000000003000000000000000000
000000B0000000000000000031000000000000000000004200
0400000000000000000000000000000000000000G000000000
00000000000000000000000000000001000000000000020000
00000000000000000300000000000000000000000000010000
000000000I0000000000000000000000200000000000000001
00000000000000000000000000000000000000000000000000
00000000000000000000000000000000000000000000000030
00000000000003000000002000000000000000000000000000
0000000000000000000000000000000000000000I00000H104
00000000000000000010000000004000000000000000000000
00000000000000000000000000000000000000000000000030
00200000000000000000000000000000000200000000000000
00000000000000000000000000000000000000000000000000
00000000000000000000000000000000000000000000000000
00000000000000000000000000000000000000000000000000
00000000000000000000000000000000000040030000000001
00000000000000000000000000000000000000000000I00000
00000000000000000000000000000000000000000000000000
0000000000000000000000000000002000000000000F00000H
00000000000000000000000300000000000004000000000000
00000000010000000000000000000010000000000004001000
00000000001000000000000000000000000000000000010000
00000000000000000000000000000000000300000000000000
20000000000000000000000000000000000300000000000000
00000000000000000000000000000000000000000000000000
00000000000000002000000000000000000001400000000000
00000000000000000000002000000000000000000000000000
00000000000000000000000000000000034000000000000000
00000000000000000000000000000000000000031300000000
00000000000000000000000000000000003000000000000000
00000000000000000000000000000000000000000000000020
99788839599475986888996399785677449304609918882436
