00000000000000000000002000000000000000000000000000
00000000000000000000000000000000000000000000000000
00000000000000000004000000000000010000000000000000
000L0000000000000040000000000000000000000000003000
00000000000000000000000000000000000000000000000000
00000000000000000000000000000000000000000000000000
00000000000000000000040200000000000000000000000000
00000000000000000000000000000000000000000000000000
0000000000000000000000000000H000000000020000000000
04000000003000000300010000000000000000000000000000
00000000000000000000000000000000000000000000000000
00000000000000000000000000000000000000000000000000
00000000000000000000000000000000000000000000000000
00000000000000000000G00001000000000000000000000000
0000000000000000A000000000000000000000000000000000
00000000000000000000000000000000000000000000000000
00000000000000000000000000400000000000000000000000
O0000004000000000000000000000000000000000000000000
0000000040H004000000000000000000000000000000000000
00000000000000000001000000000000000000000000000000
00000000000000000300000000000020000000000030000001
00000000000000030000000000000000000000000000000300
00000000000000000000000000000002000000000000000000
00000000000000000000000000000000000000000001000000
00000000000000000000000000000H00000000000000000000
00000010000000000000000000000000000000000000000001
00400000000000000000000000000000000000000000000000
00000000000000000000000000000000000000000000002000
00000000000000003000000000000000000000000000300000
00000000000000000000000000000000000000000000000000
00000000000000000000000000000000000000000000000000
020000000000000000000000000000300000000000H0000000
44000000000000000000000000000002200000000000000000
0000000000D000000000000000000000000000000000000000
00000000000000000000000000000000000000000000000000
00000000000000000000000000000000000000000000000000
00000000000000000000000000000000000000030000000000
00000000000000000000000000000000000000000000000000
0E000000000000010000000000000000000000000000000000
000000000000K0000000000003000000000040000000000000
00000000000000000000000000000100000000000000000000
0000000000000000000000000000J000000000010300000000
00000000000030000000000000000000000000000000000000
00000000000000000000000000000000000000000000000000
00000000000000000000000000000000000000000000000000
00000000000000000000000000000000000000000000000000
000000000K0000I00000000010000D00000000000000000000
000000D00000000000J00000000002000N0000000000000000
00000000000000000000000000000000000000000000000200
99988879599999999898998699788897549395609948899636
