00000000000000000000000000000020004000000000000000
00000000000000000000000000000000000000000000000003
0000002000000400000000000000000J000000000000000000
00000000000000000000000000000000000000000000000000
00000000300000000040000000000000000000000000000000
00000000000000000000000000000000000000000000000000
00000000000000000000000000000000000000000000000000
000000300000000000000000000000000000K0000000000000
00000000000000000000000004000000000000000000000000
00000000000000000000000000000000000000000000000I00
00000000000000000000000000000000400000000000000000
000000000000000I0000000000000000000000000000000000
00000000000000000000000004000003000000000000000000
00000000000000000000000040000000000000000000000000
00000004000000000000000000000000000000000000000000
000000000000L000000000000K000010000000J00000000000
00000000000000000000000000000100000000000000000000
00P00000000000000000000000000100000000000000000H00
000000000K0000000010000000000000000000000000000000
00000000000000000000000000004000000000000000000000
00000000000000000000000000000000000000000000000000
00000000000000000000000002000000004000000000000000
00000000000000000000000000000000200000000000000000
00000000000000000000000000000000000000400000000000
00000000000000000000000000000000000000000000000000
00000000000000000000000000000000000000004000000003
00000000000000000000000000000000000000000000000000
00000000000000000000000000000000000002000000000000
00000000000000000000000000000000000000000000000000
03000000000000000030000000000000000000000000000000
00000000000000000000000000000000000000000000000000
000000000000000000G0000000000000000000000000000000
00000000000000000000030000200001000000000000000000
00000000200000000000000000000000000000000020000000
000000000300000000000000S0000000000000000000000000
0000000000000000000000000000000000000000000L0K0000
00000000000000000000000000000000000000000000000000
00000000000000000000000000000000000000000000000000
0000000000000000000000000000000000000000000K000000
00000000000000001000000000000000000000000000000000
00000000000000000000000000000000000000000000000000
000D0000000000000000000000000000000000000000000000
00000000300000000000000I0000000000000L000000000000
00000000000000000000000000000000000000000000000040
000000000000000N0000000000000000000000000000000000
0000000000000000000000L000000000200000010000000000
00000000000000000000000000000000300040020000000000
00000000000000000000000000000000000000000000000000
0000000000000000000000000000000000000000000F000000
99988879599699998898998699788897549395609948899636
