20000000020021000000000000000000000010000001200000
00000000000000200000000200000000000300000000000000
20010000000300000000020300000000000000000000000000
21200010000000000200000004000000000000000000000000
00040000000004200000000000000040000000000000000000
01002000000100000000000000000500000000000000000030
20040010000040000000000000000000000000000000000000
00000000000000040000000000000000000000000000000000
00003000002032300410000000000000000100001000403000
010005400000034000001000000C0000000000000000000400
0000042H0000A040000000000000C000000000000000000000
00100000000000000000000000000000050000000000000000
01001003000E00000000000000000000000000100000000000
00410000000000100000200000000000000000000000000000
02000000030200000000000000000000000006000000000000
00400000003000000000000000004000000000030000000000
00052000000000000030000000000000000000002000000000
04040400000000000000000000000000000000000000000000
00000010000400000000000000000003000000000000000000
00000000000B00000000020000000000000000000000000000
00400000000000000000200000000302400000000000000000
02000000000E00000000000000000000000000000000000000
00002000001000000000000000000000000000000000010000
10000000000000000000000000000000000000000000000000
00000E00002000000000000003000000000000000000000000
0000E000000000000000000302000000000000000000000040
00040000000000000000000000000003000000000000000000
00000000000000000000000000000000000000000000100GC0
10000000000100000000300000000000000000000000000002
00430000000000002000000000000000002000000000300000
00000000000000000000000000000000000001000000000000
00000000000000000000000000000000000000001000000000
00000000000000000000000000000000000000000000000000
20000000000000000300000000B00000000000000000000000
00000000000000000003000000000000000000000000000010
00031200000300000000000000000000000000000000000000
01000000001000000000000000000000000000000000000000
03000000000000001000000000000000000000000000000084
00000100430200003000000000000000003000000000000234
0200000000000000003300010000000000000B0C0400000000
21000007000030000004000000000000000000000000000002
130000400000001030000020000003000000000A0000053000
00100000000000000100000000100000030000000000240222
4000030030000500000000000000300000000A000003010203
0000200000000100000000000000000000000B000000410305
040000000002000000002000000000000000C0000030004000
000001000021000000000000000000040001C000300000B000
002000000002000000000000000000000000000000000G6300
04002404000020000300000000000000000000000001402330
77668807397265626743972117044560314000004218770104
