000A000000000000000401010011000000040000A000000000
0000000000000000000000201010B00000000000A0000B0000
0000000000000000000000000100000000A000300000000000
00000000040000000A000100701900100000000000000C0000
0A000000000000000000001110201000000000000000000000
0000000000000000000000040400200000000B000000000000
00000000000000000000000000020A00000000A00000000000
30000000000000000000020000000000000000000000020000
00000000000000000000000000100000000000000000000000
00000000000000000000000000000000000000000000000000
0000003400000000000300000000110000000D000000000000
00000000000000000000004000000300000000000000000000
00000000000000000000000020000000000000000000000400
00000400000000000000000000000020030000000000000000
00000000000000000000000000010400000000A00000000000
00000000000000000000000003002000000000000000000000
24001330031000A000000000B00000300000000C0000000000
00000600000000000000000020000000000000000000A01000
00020004000000000040000000000000000000000000000000
00303000000040000000000000000000010000000000000000
00200000420001020000400000000004000000520000000000
00400003240000000200000000000000000001100000000000
00000001000000000000000000000000000000000000000000
00000000000000020000000000000200000001000000000000
00000220000000000000000000000000000000000000000000
00020003000400300000000000000000000000000000000000
20000000010000200000000000A00000000000000000000000
00010000050000000000000000000000000200000000000000
00004000300010000000000000000000000000010000000000
00300322000000300000000000000000000000000000000000
00000000000000000000000000000000000000000000000000
00000000000000000000000000000000000000000000000000
01000200200000000000000000003000000000000000000000
0000000000000000000000000000000A0000A0000000000000
00000050000000000000000000000000000000200000A00000
00000100003000000000000000000000000000000000000000
30000030312000000020000000300000000300000000000000
00000000000000100000000000100004000200400000000000
0A00A00000000000000000000000000000000000000000A400
03000000000000000000000000000000000000000000000600
0000002000000000000D000000202000000010000000004000
01100000000000010000000000000000000040080000000200
00000000100000000000000000000000000000000040000001
00003000000000000000000000000000000040001000000010
00003000000000000000000000000000000000000176100008
00400000013000000000000000000000000000000040401000
52400000000000000000000000000002063000004014020000
00000000004000000000000000000000000001000050330000
00400000B00000000300000020000000000101408144000000
02615500080100114110101407004101320030140010000000
