00402000000000000000000000000000000000000000000000
0000000000000000000000000040000000I000000400000000
00000000000000000000000000004000000000000000000003
00000000000000220000000000001000000000003000000000
00000030000000000000000000000000000000000000000000
00031000000000000002000000000000000000000004000000
00000300000000000000000000000000400000010000000000
00300003000000000000000000000000000000000000000000
00000000000200050003000000000000000000000000000000
00000000001000000104000000000400000000404300000000
00000000000000000000000200001000000000000000040000
00000000000000002000000000000000000000000000010000
00000000000000000000000000000000000000000000000500
00000000000000000000000000000000000000010000000300
00000000000040000100000000000000000000000000000200
00004000000040000000000000000000000000000000000000
000000040000000000000000000000000000E0000000000000
000000000000000000000000H0300000000000000000000000
00000000000000000000000000000000000000000000000000
60000000000000000000000003000000000000000000000000
0000000000000000000000000I000000000000000000000002
000000000000000000000000030000F0000000000000400000
04000000000010040000000000000000000000000000000000
00000000000000000000000000000000000000000000000000
00000000010000000003000000000000000000000000000000
00002000000003000000000000000100000000000000003000
000000000000000000000010300200000000E0000B00000000
00001000000000000000000000001000000000000000000010
00000000000001000000000000040000000040000020030000
00000000000000000000000000000000200000000000000000
00000000000000000000003000000000000000002000000000
00000000000000400000010000000000000000000000000000
00000200000000000000000000000000000004000000000000
00000000000000000000000000000000000000000004000000
0000000000000000F000200020000000000000000000000000
00000000000000000000300000003000000000000000010030
00000000000000000000000000300000000000000000100000
00000000000000H00000000000000000010000000000000000
00001000000000000000000000000000004000400000000000
00000000000000000000000000000000000000000040000000
30000000000000000000000000000000000000000000000000
00002000200000000000000600000000000000000400000000
00000000000000100000000000210000000000000000000000
000000000000J0000000000000000020000000001000000000
00000000000100000000000000000000000030004000000000
00400000000100000000000000000000000000000000004030
00000000000000000403000000000000100000000000000340
00000000400000000E00000000010000000000000000000200
00000400000000000000000000100000000000000400000000
99888839599475988888996399785677549344609918882436
