0042200G00H000000000000002000000000000200010000000
00000000000000000000000000100000000000000000000000
40000000000000000000000000004000000300000000000003
00000000000310220000000000001100000000000000000000
0000003000000000000000000000000I000000000000000000
00031000000000000300000000004000000000000000000000
0002000000000000000000000000H000402000000000000000
40300000002000000000J0F000000000010000000010000000
00000000000200000000000000000000000000000000000000
40000000001000000000000000000400000000000000000003
0000D000002000000000000000030000000000000020000000
0J000000300000000000000000002000002000000000000000
00000K000000000000L0004002000000000000000010000000
01000000000000000003000000000000000000000001000000
00000000000000000000000000000000000000000000000000
00054000100000000000000001000000000000000000000000
00000000D00000000000000000000000030000000000004000
00000000000000000000040000000000000000000000000004
00000000000030000000000000000000000003000040000002
00000000000000000000004000000000030000000000001200
00000000000000000000000000000000000000000000000000
00000000000000000000000000000000000000000100000200
00000000000000000000000000000000000000000204000000
00000000000000000000000000002000020000000001000000
00000000000000000000000000000000000040000000000000
00000000000000000000000000000000000000000400000030
00000030000000000000000000000000010000000000000000
00000000000000000000000000000040000000000000003000
00000000000003000000002000000300000000000000000000
00000000000000210F00000000000000000000000000000004
00000000000000000000000000000000003000000000000002
00000000002000000000000001000000000040000000000300
00000000003030000000000000200000000000000000000000
01000000000000000000000000000000000020000000000020
00000000000000000000000000000000000000000000000000
000000000000000000E0000000000000000000000000000000
00000000000004000000000000000000000000000000000000
00000000000000000000000000000000000000000000000000
00000000000I0000000000000000000000000000E000000000
000000000000000000000000000000000000000I0000000000
30000200000000000G000000000000000000000000000I0000
0000000G00000000000000000000000G000000000000030000
00000000000000000F00000000000000000K00000000000000
00000000024000000000000000000000000000000000000400
02000000000000000000000000000000000000000000000000
02000000000000002000000000000000000000000000000000
00000000000000000000000000000000E000000F000000J000
0000000000000000000000000000000000000I000000000200
0000000000000030000000000000000000G000000000000020
99888879599475988888998399785677549344609918886636
