00000000000000000000000000000000000000000000000010
00200000000000000004000000000000000000000000000000
00000000200000000300000000000000000000000000000330
0000000000000000000000000000H000000000000000000000
20000000000000000000000000000000000000000A000000C0
000000000000000000000000000J00000000000000000E0043
00000000000000000000000000000000000000000000000000
00000000000000000000000000000000000000000000000000
00000000000000000000000000000000000000000000000200
0000000000000000000000000H000002000000000000000000
00000000000000000000000000000000000000000000000004
00000000000000000000000000000000000000300000000010
00000000000000000000000000000000000000000000003004
00000002000000000000000000000000000000000000000020
000000000000000A0000000000000000000000000000003002
0040000000000F00000000000000000000C000000000400000
00000000000000000000000000000000000000000000000004
00000000000000000400000000000000000000000000000000
00000000000000000000000000000000000000000000000000
04000000000004000000000000000000000000000000000000
00000000000000000000000000000000000000000000000000
000000000000000000000000000000I0000000000000000000
00000000000000000000000000002000000000000000000000
00000000000004000000000000000000000003000000000000
00000000000000000000002000000000000000000000000000
00000000000000000000000000000000330000000000000000
00000000000000000000000000000000000000400000004000
00000000200000000000000020000000000000000000000000
0000000000000G000000000000000100000000000040040000
000000000000000000100000000F0000000000000000000000
00000000000000000000000000000000000000000000000000
00000000000000000000030003000000000000000000040000
00000000000000000000000000000000000000000000000000
0000F000000G00000000000000000000000000000000000001
00000000000000000000000000000000000000000000000000
0E000300000000040000000000000000G00000000000000000
00000000000000000000000000000020000000000000000000
00000000000000000000000000000000000004000000000000
00000000000000020000000340000000000000000004000000
00000000000010000010000000002000000000000000000000
00000000000000000000000000000000000000000000000000
00000000000000000004000000000000000300000000000000
00C00000000004000000000000000000000000000000000000
A40000000000C0000000000000000000000000000000000000
02000000000000000000000000000000000000000000000000
00000000005000440000000000000000000000000000000000
00000002003000000000100000000000000000000000000000
000C0000000000000000E00000000000000000000000000000
000000000000G0000000000000000000000000000000000020
99788839599475986888996399585677447304609918882436
