00000000020000000000000000000000000010000001200000
00000000000000000004000000000000000300000000000000
00000000000000000000020000000000000000020000000000
00000000000000000200000000000000000000000000000000
00000000000000000000000000030000000000000000000000
00000000000000000000000A00000000000000020000004030
00000200000000000000000000000000000000000000000000
00000000000000000000000000000000100000000000000000
00000000000000000000000000000000000000000000403000
20000000000001000000000000000000000000000000000400
0000000A000000000000000001000000000000000000000000
00000000000000000000000000000000000000000000000000
000000000000000000000000000001000000000000000A0000
000000000000000000000000000F0000000000000000000000
00000000000000000000000000000000000000000000000000
0000000000000000A0000000000000000000000A0000000004
00000000000000000000000004000000000000020000000100
00000000000000000000000000000000000000000000000000
00000000000000000000000000000000000000000000000000
000000000000000000000000000000B0004000000000000000
00400000000000000000000000000000000000000000000000
00400000000000000000000000000100000000000000010014
00000000000000000000000400000000000000020000003000
00004000000000000000000000000000000000000000000000
00000000000000000000020000000000000000000000000000
00000000000000000000000000000000000000000000000000
00000000000000000000003000000003000000000000000000
00002000000000000003000000000000000001000000000000
04300000000400000000000A00000000000000000000000000
00000000000001000000000000000000000000000000000000
00000000000000000000000000000000000000000001000000
00010000000000000000000000000000000000000000001000
00000040000000000000000000000000000004000000000000
20000000000000000000000000000400000000040000000000
00000000000000000000000000000000020000000000300000
00031200000A00004000000000000003000000000000000000
03000000001000000000000000000000000000000000000000
03000000000000000000000000000000000000000000000000
00000100430200040000000000000000300000000000000000
02000000000000000000000000000000000000000400000000
21000007000030000000000000000000000000000000000000
130000400000000000000000000000000000000A0000000E00
00100000010004000000000000000020000000000000000000
40000330300000000000000000000000000000000000000000
00002003000001301100000000001000010000000000000000
04000000400200000000A00001000000000000000000000104
00000100002104000000000000000020000000000003000000
00200000000200000400000000010000001000000000000000
04002404000020000400000000020000000000000000000000
77668807397265626743972117044560314000004218770104
