02000000000000003000000000E00000003000000000000000
0120000000000000000020000C000000000400000000030200
04000000200000000000003000000000001020000000000000
00000000000000020000000000000000000000000003000000
50002000000000000000001000000000010004000030000000
0040000200000000000000000000G000000002000000000000
000004000000000000000000000B0000000000001000000000
04000000000000000000000000000000000000000000000004
00000000040003000000002200000000000000000000000000
0001000000000000000000000000000000000000E000000000
00000000000000000000000000000000000000000C00000000
00000003100000300000000020000000000000000000000000
0000000000000000000000010100000000000000000E000000
00000402000400004000000000000000000400000000000000
00000010000000000000000000000000000000000000000000
00400000001000040000000000000000000000000000000000
03000000000000010000000000000002000000000000000000
0000000B000000000400000000000003000000000000000000
00000000000400000000003031000000000000000000004200
44000000K00000000000000000000000000000000000100000
00000000000000000000000000000001000000000300020000
00000000000000000300000000040000000000000000210000
00000000000000000000000000000000200000000000000004
000000000000000000000J0000000000000000000000000000
00000000000000000000000000000000000000000000000030
00000003000003000000002000000030000000G00000000000
00000000000000000000000000000000000000000000000GH4
0000000000000000001000100000400100000000C000000000
00000000000000000000000000000000400000000010000000
00200000000000000000003000000100000200000000000000
00000000000000000000000000000000000F00000000002000
00000000000000000000000000004030000000000000000000
0000000000000000000000000000000040000I000000000400
00000000001000000000000000000000000040000000000001
00000000000000000000000200000000000000040000000000
00000000000000000000000000000000000000030000000000
00000000030300000000001000000020000000000000000000
00000000000000000000000300200000000004000000000000
00000000010000000000000000000010000000200000000000
00000000001000000000000000000000000000000000000000
03001000000000000000000000000000000300000000000000
20000000000000000000000000000000000300000000000000
00000000000004000000000000000000000000000000000000
0000000000000100200000000000000200000140000000000C
00000000000000000000002000000000000000020000000000
0000000000400000000000000000000003500000000000000F
40000000000000000000000000000000040000031300000000
00000000000000000000000000000000003000000000000000
00000000100000000000000000000200000000000000000020
99788839599475988888996399785677449304609918882436
