00001000000000000000010040000000030400000001C00000
10002000000004000000000000030300028000000000000000
040000000010000000000000000500000000E02000C0000A00
000010000000000000000000000000000400100000E0000000
00200000000000000030000000000000003000000000F00000
000000000003020000000000000000B0000000000000040000
00300002000000000000000000000000000000000000000000
00000000000030004000000004000000000000000000000000
0001400000000200000000000000000000000A000000000000
30000000000000000000000000000000000000000000000000
00600003000000000000000000000000000000000000000000
000000000A0000000000000000000000000000000000000000
002200000104000000000000000000002000000A0000000000
00000000000000000000000000000000000100000000000000
00000000000000000000000000000000000000000000000000
1000000000000000B000040300000000000B000000000000B0
04000032000000000000000000000000000000000000000000
000020000000000000300000000000A0000000000000400000
00080030000000000000000000000000000000000000000000
00000034000000000000B00000000000000000000000003000
00000000000000000000000000000000000000000000000000
00420000000400000000000000000000000000000000000000
000002000000040000A0B00000000000000000000000020000
00000000000000000000000000000000000000400000000000
00001000000000000D00000000000000000000000000000000
00000000000300000000000000000000000000000000000000
00000000000000000000000000000000300000000000000000
00000000000000000000000000200000000000000000A00000
00000000000000000400000000000000000000000000000000
03000000000000000000000000000000000000000010000000
00000000000000000000000000000000000000000000000000
00000000000000000000000000000000000012000000000000
00000003000000040000000000000000000000000000000000
00000000000000000002000000000000000000000000000000
00000000000000000000000000000000000100000000000000
00000000000000000000000000000000000000200000000000
00000000020000000000000000000000000000002000000020
00000000000000000000000000000000000000000000000000
00000000004000000000000000000000000000000000000000
0140010000000000000000000C000000024000000000200000
00000000000000000000400000000000000000000000002003
00030100004000000000000000000000000000200000000001
00000000000000000000000000000000000020000000000000
00000000000000000000000000003000000300000000000000
00000000000000000000000000000000000000000000000C00
00000000000000000000000000000000000000000000000000
00000000000000000000020003000300003002000000000102
00100100002000000000000000000000000000000000004024
00000100000000000010000000000000000000000004000000
35646504086134116410101007000504352100340010400104
