00300000000000000000000000000000000000002000000000
00030000000000000000000000000000000000300000000000
00000000000300000000000000000000000000000000000000
00000000200000000000000000000000001000000000000030
00000002000000000000B00000000000000000000000000000
00000000000000000000000000000000000000HF0000000000
00000000000000000000000000000020000000000000000000
00000000000000000000000000000000000000000G00000000
0000000000000000E000000000000000000000000000000000
00000000000000000000000000000000000000000000000000
0000000040000000000000D0000000000000000000000H0000
00000000000000000000000000000000000000000000000020
30000300000000100000000000000000000000000003020000
00000500000000000000000000300000000040000000000000
00000000000000000000000000000000000000000000000000
000000000000000000000004000000J0000000000000000000
00000000000000000000000000000000000000000000000000
00000000000000000000000000000000000030000000000000
00000000000000000000000000000000000000000000000000
00000000001300000000000500000000000000000001000001
000000000000000E000000002000000J000000143000000000
00000000000000000000000000000000000000000000000000
00000000000000000000000E00000000000000100001000000
00000000000000000000000000000000000000000000000030
00000000000000000000000000000000000000000000000000
00000000000003000000020000000000000000000000000000
0002000000000000E000000000000000000000000000000000
00000000000000000000000000000000000000000000000000
00D02000000000000000000000000000030000000000000000
00000000000003000000000000000000000000030000000H00
00000000000000000000000000000000000000000000000004
00000000000000000000000000000000000000000000000000
00000000000000000000000000000000000000000000000000
00000000000000010000000000000000000000004003000000
00000000000000000000000000000000000000000010000000
000000000H0000000000000000000000010000000000200000
CF00000000000000F000000000000000000G00000300000000
00000000000000000000000000000000000000000000000000
00000000000000000000000000000200000002000004310000
00000000000000000000000000000000000000000000000300
00000000000000000000000000000000000002000000002000
00000000000000000200000000000000000000000100000000
0000000000000000000000F000000000C0000G400000000000
04000001000000000000000000000000000000000000000000
0002000400000C000000000000000000000000000000000000
0001000070000000000I000000000000000000000004000000
40000070200000003000000000000000001100040300000000
04000000402000000000000000000000300700000000000000
30000000000000000000000000000000000000000002000000
77768838397475646785982259344564434004008918880136
