00000300000000000000000000000000000000000200200000
00000000000000000000000200000000000000000100000000
0000000E000000000000000000001000000000003000000000
0000000000000000000000400000203100000000E000000000
00000000000000000000000000000300000000000200000000
00000000000300000000000002000300000000000000000002
00000000000003000000000000000000300000000000000000
00000010000000000000000000000000000000000000004000
000200000000000020000000000E0000000000E00000000000
00040000000000000000000000000000000020000000000000
00000000000000000000000000000000000000000000000000
02000000000000000000000000000000000040000000000200
00000000000000000000100000000000000000000000000000
00000000000000000000000000000000000000000000000000
00000000000000000000000000000000000030000000000000
00200000000000000000000000000000000000000000000020
0100000000000000000000F000000000000400000000000000
4300000000020000000000000000000A000000000300000000
00000000000000000000202000000000000000000000000000
30200000000000000000000000000000000200000000000000
00300100040000000000000000000000000000000000000030
00000000000000000003004000000E00000000000000000000
00000000000000000000000000000000002000000040000000
00000000000000000000000000000000300000000000030300
00000000000000000000000040000002000000000000000000
00000030000000000000000000000000000004000000000000
00000000000000000000000000000000000000000000000000
00001000000000000002000000000000000000000000000000
10100000000000000E00000000000000000000000000002000
0000000000000000000000000020H000000000000000030000
F0000004020000000000010000000000000000000000000002
00004000000000000000000000000000000000000000001000
020001200030000000000000000000000000000000000003H0
00000000000000000000000000000000000000000000000000
00002000000000000000000000000000000000000000000000
00000000000000000000000000000000000000000000000000
00000000000000000000000000A00000000000400000000000
00000000000000000000000000000000000000000000000000
00400000000000000000000000060000000000000000000000
40000000000000000000000000001000000000000000004000
00000000000000000000004000000000000000000201000002
4000000000000000000000000000H000000000000000000000
00000300000000000000000000000000000000000000000000
00000000000000004000000000000000000000000000000000
00000000000000000000000000000000000000000000000200
00000020000000000000000000000000000000000000F80000
0000000000000000000D000001000000000000000000000000
F0000000000000000300000400400200000E00000000000031
00003000002000000000000400000000000000000000003100
97788839599475986888992299584567437304609918882436
