00000000000000000300100000000000000000000000000000
00000000000000000000000000000000000000000003000000
0000000000000000000000000000000000000000J000200000
000000G0000000000000000000000000000000000000001000
000000000000000000000F0000000000000000000002000000
00000000000000300000000000000000000000000000000000
00000000000000000000000000000000000000000000000000
00000000000000000000003000000300000000000000000000
00000000000000000000000000000000000000000000000000
00000000000000000000000000000000000000000000000000
00000000000000000000000000000000000000000000000000
00000000000000000020030000000000000000000000000000
0000000000000000000000000000000000000000000G000000
00000000000000000000000000000000000000000000000000
00000000000000000000000000000000000000000000000004
00000000000000000000000000300000000000000000000000
0000000000000000000000000003000000C000000000000000
00000003000000000000000000000000000000000000000000
00000000004000100000000000000000000000000000000000
00300000001000400000000400000000000000000000000000
00000000000000000000000000000000000200000000000000
000000000000000000000000000000000000000000000H0000
00000000040000000000000000000000000I00004000000000
00000000000000040000000000000000000000000000000E00
300000300000000000J0000000000000000000000000000000
0000000000L300000000000000000000000000000000000000
010100000000000H0000000000001000000010000000000000
0000000I000000000003000000000000000000000000000000
00000000000000000000000000020000000000000000000000
00000000000000000000000000000000000000000000000004
00200002000000000000000000000000000000000000400000
00000100000000000000000000000000300000000000000000
000000000000000000300E0000000000000000000000000020
00000000000000000000000000000000000F00000000000000
00000100000000000000000000000000000000000000000000
20100000000000000000000000000000000100000000010000
00000000000000000000000000000000000000000000000000
300000010000000000000000000000000000G0000000000000
00000000000000000000000000000000040000000004000000
00200000000000000000000000000000000000000000000300
0000000000000000000G000500000003000000400000001003
02000000000000004000040440000000300000000030000000
00000000000000000000000000000002000000020000000000
0000000300000000000000000000000000200000000000E000
00010000000000000400000000000000000400032000000100
03000300000000H000004000000000H0000010000000000000
00030000000000001020000000000000040102000400000000
00400440000000000000000000000000000000002003400000
20040000000000000010000000000000000000000010000040
99888879599679988888998399785697549395609948889636
