00000000050H00000000000000000000000000000000000000
00000000000000000000004000000000000000000000000000
00001000000000000000000000000000000000000000000000
00000000000000000000000003000000001000000000000000
00000000000000000000000000000000H00000000000000000
00000000000000000000000000200000000000000000000100
0C00003000H000000000000000000000000000000000000000
000000J0000000000000000000000000000000000000000000
00000000000000000000000000000000000000000000000000
00000000000000000000000000400000000000000000000000
00000000000000000000000000000000000000000000000000
00000000000004000000000000000000000000000000000200
00000000000000000000000200000000000000000000000000
000000000000000000000000400000000000000000F0000000
0000F00000000000000000000004000000000000000F000000
00000000000000000000000000040000000000000000000000
00000000000000000000000000000000000000000000000000
00000000000000000010000004000000000000000000000000
00000000000000000000000030002000000000000E00000000
0003000000000E000000000400000000000000000000000000
0000000000010000000000B000000000000000000000300000
00000000000000010000000000000200000000000000000040
00000000000000000000000000000000000000000000000003
00000400000000000000000000000000000000000000000000
0000000000000000000000000000040000000000000000H000
0000000004000000000000000000000003000000030000000G
00000000000000000000000000000000000000000000000000
00000000000000003000000000000000000300000000000000
00000000000000000000300000000000000000000000000000
00000000000000000000000000000000000000000000000000
00000000000000000000000000000000000000000000000000
01000000000000000000000000000000000000000000000000
00000000000000000000000000000000000000000000000000
00000000000000000000C00000000200000000000000000000
0000000000000002000000E000000000000000000000000000
00000000000000000000000000000000000000000000000000
00000000001000000000000000000000000000000H00000000
00000030000000000000000000000000000000000000000000
00000000000003000000000000000000000003000000000000
00000000000000000000000004000000000000000000040000
00000000000000000000000000000000000000000000000000
00004000000000000000000000200000000000000000000000
000000000000000000000040000J0000000000000000000000
00000000000000000000000000000000000000000000000000
00320000000000000000000000000002002000000000000000
00000000H00000000000000020000004000000001000040000
0000000G000000000000000000000000000000000000000000
00000000000000000000000000000000000000000000000031
00000000002000000000000000000000000000000000000000
97788839597475986888992299584567437304609918882436
