20000000020021000000000000000000000010000001200000
00000000000000200000000200000000000300000000000000
20010000000200000000020300000000000000000000000000
21200010000000000200000004000000000000000000000000
00040000000004200000000000000040000000000000000000
01002000000100000000000000000500000000000000000000
20040010000040000000000C00000000000000000000000000
00000000000000040000020000000000000000000000000000
000000000020323A0410000000000000000100001000403000
01000340200003400000100000000000000000000000000400
00000424000000000000000000000000000000000000000000
00100000070040100000000000000000050000000000000000
010010030F0010000000000000000000000000000000000000
004100000000E01000D0000000000000000000000000000000
02000000030000000000000000000000000006000000000000
00400000000000000B00000000000000000000030000000000
00032000000000000000000000000000000000000000000000
04040400000000000000000000000000000000000000000000
00000010000400000000000000000003000000000000000000
00000000000000000000020000000000000000000000000000
00000000000000000000200000000002000000000000000000
02000000000100000000000000000000000000000000000000
000E0000000000000000000000000000000000000000000000
10000000000000000000000000000000000000000000000000
00000000002000000000000003000000000000000000000000
00000000000000000000000302000000000000000000000000
00040000000000000000000000000000000000000000000000
00000000000000000000000000000000000C00000000000000
00000000000000000000000000000000000000000000000000
00430000000000002000000000000000000000000000000000
00000000000000000000000000000000000001000000000000
00000000000000000000000000000000000000000000000000
00000000000000000000000A0000000000000000000000C0A0
20000000000000000300000000000030000000000000000000
000000000000000000000000000000000000G0000000000000
00031000000000000000000000000000000000000000000000
01000000000000000000000000000000000000000000000000
03000000000000000000000000000000000000000000000084
00000100030000000000000000000000000000000000000234
020000000000000000330000000000B0000000000400000000
21000007000000000000000000000000002000007000000002
10000040000000103000000000000000000000000000053000
000000000000000000000000000000000000AB000000240222
400003003000050000000000000030000000000000A3010203
00002000000001000000000000000000000000C0E000410305
04000000000200000000200000000000000000000B30304000
000000000021000000000000000000000D000000C004006000
00200000000200000000000000000000000000000000016300
04002404000020000300000000000000000000000001002330
77668807397265626743972117044560314000004218770104
