0020200000000000000000000
0000000000000200000000000
0000000A00030000310100000
0000000000201000030000000
0A00000000000430004000000
0040010000000000000000000
0001000000300000000000040
0000000000000040000300000
0000000000000040000000002
0000000000000000000030003
A000000000000000000000400
0000000000000000000000001
0200000000000000000000000
000000000000A003000000000
02000000000A0200000020000
0000000030002000000000000
0000000000003000002000023
0000000000000000000000000
0000000000000000000000000
0000000000030023040000000
00000000A0000002000000000
0000000000020020001000000
00000000000000000000000A0
0000000000000000000000000
0111250000000334000301130
