1111000101000001110010101
1010010000100000104140110
1011100010000001101100050
00101000000A1001101000011
0110101020000071130101001
0601111111001000003111011
1000000010000001000010111
01101001000A0110004010113
1501001010110031000001011
0101110000501000000013010
01001010000001A1010100011
0110011000000001001013000
0010110000100101011101132
0010101000A11111110011001
1110110100011010100100111
0100011000011101001111030
0100101000001210110110011
1100100100000100101001110
0000101114010010100100111
1000003000000100000101000
1000010101101100101010100
100A002110101100000011110
0200000000100002100110010
0300000000011110111001000
0000001011010111011111111
