0003003132600000000000000
04000000005000000A0000A00
0000000010000805000D00000
2003000024011000000000020
0400000020006470000400006
0000040000101000000050001
0000000030000001003040000
0000000010030000000003013
0100000000600003000000031
00000B0000000000000000010
0040000000000000200030011
0000000000000001331050000
0000000001700000000100300
0D00000000000A0000A001000
0000000000000000000000010
0000000004555100000000000
000000000020000001001A00A
000000000000A000004000B00
0000001000000000000300010
0000000000000000000500000
0200000000000000041000012
0400000000000000320003100
4000000100000000000110030
0300000000010002000000000
0000083000004001001000000
