0020200000000000000000000
0000003000000200000000000
0000000000030000310103000
0000000000201000430000002
00A00A0000000430004000000
0040000000003000020000000
0001000000300000000000040
0000000000000040020300000
0000000000000040000000002
0000000000000000000030003
0000000000000000000000400
0000000000000000000000001
0000000000000000000000000
0000000000000000000000000
02A00000000000A0000020000
0000000030000000A00000000
0000000000003000002000023
0000000000000000000000000
0000000000000000000000000
0000000000030023040000000
0000000000000002000000000
00000000000A0020000000010
0000000000300000000000000
000000000000000000A000000
0111250000000334000301130
