1111000102000001110010101
1010012000100000104140110
1011000010000001101101050
0000000001001001101000011
0A10100020000071130501001
0601000000001000003111011
10000000000000A1000010111
0110100000000000044010113
1501000010000031000001011
0101100000000000000013010
0100A01000000101010100011
0110011000000011001013000
0110150000500000001101132
0010101000000100000211001
1110113100011000000100511
0100011004011100001111030
0100101000000000310110011
1100100100000000101001210
00003400140100A0100100111
1000000000000100000101000
1100040001101100101010101
1020034010201100000011110
420000A000100002100110010
0300000000011110111001000
0000000011010111011111111
