0020200020000000000000000
0000003000000200000000400
0000000000030000310103000
0000000000201000430000002
0000000000300450004000000
0040000000003000030000000
000000000A301000000002040
0000000000000040020300100
0000000000000070000000002
0000000000104000000030003
0000100000000000000000400
02000000000000000A0000004
0000000000000000000300200
0000000003000302000000000
0000000A02000000000020000
0020000030300000000000000
00000A0000000000000000024
000000010000000A000000100
0000000000000000000200000
0000000000030323040000000
0000000000000002300000000
000000000000A020000000010
0010000000000010000000000
0000003000000000020000000
0111254000000334000301130
