1111000101000001110000101
1010010000100000104110110
0011100010110001101100050
00101000A1111000101000011
0110101020000041130101001
0201111111011A00001111011
1000000010011001000010111
0110100100110110004010111
1501001010110031000001011
0101110000501100000011010
0100101110001101A10100011
0110011011100111001013000
00101100A1100102011101102
0010101000111111110011001
1110110100011010100100111
0100011000011101001111000
0100101000001210110110011
1100100100000100101001110
0000101114010010100100111
1000000000000100000101000
1000010101100100101010100
1001001110101100000011110
0000100000100002100110010
0000000000011110111001000
000A001011010111011111111
