0003003132600000000000000
0400000000503000000000000
0000000010000805004000000
200300002401100000000000A
0400000060006470000B00006
0000040000101000000050001
0000000030000001003040000
0000000010030000000003013
0100000000600003000000032
0000000000000000000000010
00400000000000002000A0011
0000000000000001331050000
0000B0000170A0000001A0300
0000000000000000000000000
0001000000000000000000010
0000000004555100000000000
000000000020000A010010000
00000000000000000040000BA
0000001000000000000300010
0000000000000000000500000
0200000000000000041000012
0400000000000000320003100
4000000100000000000110030
0300000000010002000000000
0000083000004001001000000
