0003003132600000000000000
0400000000500000000000000
00000000100008050D0000000
2003000024011000000B000A0
0400000020006470000400006
0000040000101000000050001
0000000030000001003040000
0000000010030000000003013
0100000000600003000000031
0000000000000000000000010
0040000000000000200030011
000B000000000001331050000
00000000017000000001A0300
0000000000000A00000001000
00000000000000000000A0010
0000000004555100000000000
000000000020000001001B000
000000000000A00000400000A
0000001000000000000300010
0000000000000000000500000
0200000000000000041000012
0400000000000000320003100
4000000100000000000110030
0300000000010002000000000
0000083000004001001000000
