0020200000000000000000000
0000003000000200000000000
0A00000000030000310103000
0000000000201000430000002
0000000000000430004000000
00400A0000003000020000000
0001000000300000000000040
0000000000000040020300000
0000000000000040000000002
0000000000000000000030003
0000000000000000000000400
0000000000000000000000001
0000000000000000000000000
000000000000000A000000000
0200000000000000000020000
000A000030000000000000000
000000000000300A002000023
0000000000000000000000000
0000000000000000000000000
0000000000030023040000000
0000000000000002000000000
000000000002002000A000010
000000000A400000000000000
0000000000000000000000000
0111250000000334000301130
