4000003040005000000000130
0000600020000000000000000
0400200003000000000000000
0000400000000000000000010
0000000240001000000000100
0000000000240000000000100
0A00000000002030003400010
0000000000000040000000000
0000200000030000000000000
000010000000000B000000000
140A000000000000000000040
3300000001410000000001000
00A0000000000100000000000
0000000001000000000000000
0000000000000000000430002
0010400000000000000000000
00000A00B0000000000030000
0000A00000000000300101300
0003034000000100000002600
1000004000010200000000000
0700000000000000000000000
0000000A0000000320000C100
0000000000000000000000303
0020000000020002000000420
8151274003404336600507130
