0020200020000000000000000
0000003000000200000000000
0000000000030000310103000
0000000000201000430000002
000000A000300450004000000
0040000000003000020000000
0000000000300000000002040
0000000000000040020300100
0000000000000070000000002
0000000000004000000030003
00001000A0000000000000400
0200000000000000010000004
0000000000000000000300000
00000000030003000A0000000
0000000000000000000020000
0020A00030000010000000000
0000000000000A00000000024
0000000100000000000000100
0000000000000000000200000
0000000000030323040000000
0000000000000002300000000
000000000000A020000000010
0010000000000010000000000
0000003000000000020000000
0111254000000334000301130
