000000000200000000D100006
0000000000100000000000000
0000100000004000000000000
0000040D00000A00D00000000
0000000000400000000000000
0000000070000000000000000
0000204000000000000000000
0000000000000000010020200
020B00000B000000003C00000
0000000000000000001300020
0000000000000000000000030
000000000000000000000D000
000000000300002C003000000
0000000000000001000300000
300000C0000000000000020B0
000000000000000030070000C
10A0000004001000000000000
0000000100200000000000000
0000000000000001000000000
0000000000040000000000000
0000200000000000400001000
0000000303000000400000000
0000000000000000000000000
0000000000000100A00000000
8961579003707696880907863
