0020200020000000000000000
0000003000000200000000000
0000000000030000310103000
0000000000201000430000002
0000000A00300450004000000
0040000000003000020000000
0000000000300000000002040
0000000000000040020300100
0000000000000070000000002
0000000000004000000030003
0000100A00000000000000400
0200000000000000010000004
0000000000000000000300000
0000000003000300A00000000
0000000000000000000020000
0020A000300000A0000000000
0000000000000000000000024
0000000100000000000000100
0000000000000000000200000
0000000000030323040000000
0000000000000002300000000
0000000000000020000000010
001000000000A010000000000
0000003000000000020000000
0111254000000334000301130
