0003103532640000000000000
0400000000503000000000000
0000000010000805004000040
2003000024011000000000000
0400000060006470000000006
0000040000101000000050001
0000000040010001000040000
00000000100300000B000300A
0100B00000600003000000002
0003000000000000000000010
0040000000000000200000011
00020000000000013310A0A00
3400000001700000300100300
0000000000000000000000000
000100000000000000000B010
000210000455A0000000000A0
0000000040200000010010000
0000010000000000004000000
0000002000000000000300000
0000500002000000000500000
0200000000000000041000012
0400001000000000320003100
4000000100000000000110030
0300000000010002000000000
0000083000004001004000000
