0000000000000000000000002
0000000000000000000010000
0000000000000000000000302
0000A0000000A0000B0000002
1003000000000000000400000
00D0040000000400200000000
0000034000330100000004404
0000200000000000000002000
0000020000000000000000003
0040000000000004000000000
0000020000000000004000101
000000000030B040000000000
0000030000000000000000000
4000A00000000000000000000
0000000000000000000000000
000000000000000000000A0A0
0000000200000020000000000
0000000000000040400000000
0000000012000000000000000
1000000000020000000000A00
0000000000000000200000403
0004000000000000000000000
00440001000000000000A0000
0000000000000100000007020
0151254003100336000303130
