1111000101000001110000101
10100110A0100A00101110110
0011100010110101101100050
0010100111111100101000011
0110101010001111100101001
0001111111011100001111011
1000000010010001000010111
0110100100110110000010111
1101001010110001000001011
01011100001011000A1011010
0100101010001101111100011
0110011011100111001010000
0010110011100101011101101
0010101001111111110011001
1110110101011010100100111
0100011001011101001111000
0100101110001210110110010
11001001A0000100101001110
0000101110010010100100111
1000000000000100000101000
1001010101100100101010100
1011001110101100000011110
001A100000100001100110010
0010000000011110111001000
0011001011010111011111111
