2000100000001000000020040
4000013000000000030020001
0000000000000000000000000
8000000000000000000003044
0000000000100040000001000
0001000000000000000003000
0300000000000020000400004
0000004000000000A00010000
1100000300000000B00000002
0000000000100000000100000
3200000000000000000000002
4000000000100030040000000
0000000000000040000000000
0000000000000000000000000
0000000200000000000000400
0000020000000000000002100
00040400000000AA002000020
4000000000E00000000000000
0000030000B00000300031000
0E0020000E000040000000000
00C0240000000010002000200
0000000000000400030000000
0001000000000003000000004
0400000000000000000002000
8961274003404336640907430
