1111000102000001110410101
1010012000100000104140110
1011000010000001101101050
0000010001001001101000011
0010100020000071130501001
0A01000000001A00003111011
1000000000000001000010111
01A01000000000A0044010113
1500000010000031000001011
0100100000000000000013010
0100001000000101010100011
0120011000000011001013000
0110150000500000001101132
0010101000500120000211001
1110113102011000000100511
0100011004011100001111030
0100101000000000310110011
1100102100000000101001210
0000340014010000100100111
1003000000000000000101000
11000A0001101000101010101
1020033010201A00000011110
4200000000100004100110010
0300000000011110111001000
0000040011010111011111114
