0020200020000000000000000
0000003000000200000000400
0000000000030000310103000
0000030000201000430000002
0000000000340450004000000
0040000000003000030000000
0000000000A01000000002040
0000000000000040020300100
0000000000000070000000002
0000000000104000000030003
0000100000000000000000400
0200000000000010000000004
0000000000000000A00300200
0000000003000302000000200
0000000002000000000020000
002000A0A0300000000000000
0000300000000000000000024
000000010000000A000000100
0000000000000000000200000
0000000000030323040000000
0000000030000002300000002
0000000000000020000000010
001000000000A010000000000
0000003000000000020000000
0151254000000334000301130
