0003003532600000000000000
0400000000503000000000000
0000000010000805004000000
2003000024011000000000000
0400000060006470000000006
0000040000101000000050001
00000000300000010B0040000
0000000010030000000003003
01000000006000030000000A2
000B000000000000000000010
0040000000000000200000011
000000000000000133100A000
3000000001700000300100300
0000000000000000000000000
00010000000A0000000000010
0002100004555A00000000B00
000000004020000001001000A
0000010000000000004000000
0000001000000000000300000
0000000002000000000500000
0200000000000000041000012
0400001000000000320003100
4000000100000000000110030
0300000000010002000000000
0000083000004001001000000
