0020000000000000000000000
0000000020000200000000000
0A0000A400000000310100000
0200000000200000030000000
0000000000000430004000000
0040000000000000000000000
0001000000300000000000040
0000000000000000000300000
00A0000000000040000000002
0400000000000000000000003
0000000000000000000000000
000000000000A000000000001
0200000000003000000000000
0000000000004000000000000
0200000000030000000020000
0000000000000000000000000
0000000000A00000002000000
0000000000000000000000000
0000000000000000000000000
0000000000030003000000000
0000000A00000002000000AA0
0000000030020000000000000
0000000000000000000000000
0000000000000000000000000
0111250000000334000301100
