0020200000000000000000000
0000000000000200000000000
0000000000030000310100000
00A000A000201000030000000
0000000000000430004000000
0040010000003000020000000
0001000000300000000000040
0000000000000040020300000
0000000000000040000000002
0000000000000000000030003
0000000000000000000000400
0000000000000000000000001
0A00000000000000000000000
0000000000000003000000000
02000000000000A0000020000
000000003000000A000000000
0000000000003000002000023
0000000000000000000000000
0000000000000000000000000
0000000000030023040000000
0000000000000002000A00000
0000000000020020001000010
0000000A00000000000000000
0000000000000000000000000
0111250000000334000301130
