0003103532640000040000024
0400000003503400000000000
0000000010000805004000040
2003004024021003000000300
0500000064006674004002026
0300060000101000200050001
0B00040040030001000040200
00000400100300000300030A2
00000000006000000003B3000
0000030000000300B0000000A
0000000000000000000000000
710004000000000A001000000
3400003000700000000400000
00000000A0040010000000000
0001000000000000000000000
00321000A0550000020000000
0000000000100000010010000
0000010000000000004000000
0004002000000000000300000
0000500000000000000500000
0200000000000000041000032
0430024020000100320003100
8000000100000000000410030
0310100400010002000200000
0000283000005004404000000
