11110001A10001A1110000101
1010011100100100101110110
0011100010110101101100050
0010100111111100101000011
0110101010001111100101001
0001111111011100001111011
1000000010010001000010111
01101001001101100A0010111
1101001010110001000001011
0101110000101100011011010
0100101010001101111100011
0110011011100111001010000
0010110011100101011101101
0010101001111111110011001
1110110101011010100100111
0100011001011101001111000
0100101110001210110110010
1100100100000100101001110
000010111A010010100100111
1000000000000100000101000
1001010101100100101010100
1011001110101100000011110
0011100000100001100110010
001010A000011110111001000
0011011011010111011111111
