4000003043005000000000130
0000600020000000000000000
0400200003000000000000000
0000400200200003020000010
0400000240001000000000100
0000000000240000000004100
00A000000000200E003401010
0B00000000000030000000000
0000200000030000000000000
0000000000043000000000000
0E00000000000000003000040
3300000001410000000041000
0000000000010100001000001
00000A0001000000000000000
20000B0200000000000430004
0010400000000000000000000
0000000000000000000030400
0A00000000000000300401300
00B003AA00000B00000002600
1000004000000000000000000
2723000000000000000000200
0000000000000003204000000
03300000000000000000003B3
0020000010020032000000320
8151274003404336600807130
