2000100000001000000020040
4000013000000000030020000
0000000000000000000000000
8000000000000000000003044
0000000000000000000001000
0000000000000A00000000000
0300000000000000000000004
0000004000000000000010000
110000030000A000000000002
0000000000100000000000000
3000000000000000000000002
0000000000000030040000000
0000000000000040000000000
00000000000A0000000000000
0000000200000000000000400
00000200000B0000000000100
0004040000000100002000000
0000000000100030000000000
0000030000000000300031000
2C00000000000040000000000
0030200000000010002000200
0000000B00000400030000000
0001000000000003000000004
0400000000000000000002000
8961274003404336640807430
