2000100000001000000020040
4000013000000000030020000
0000000000000000000000000
8000000000000000000003044
0000000000000000000001000
0000000000000000000000000
0300000000000000000000004
0000004000000AD0000010000
1100000300000000000000002
0000000000100000000000000
3000000000000000000000002
0000000000000030040000000
0000000000000040000000000
0000000000000000000000000
0000000200000000000000400
0000020000000A00000000100
0004040000B00100002000000
0000000000100030000000000
0000030000000000300031000
C000000000000040000000000
0030200B00000010002000200
0000000000000400030000000
0001000000000003000000004
0400000000000000000002000
8961274003404336640807430
