1111000101000001110010101
1010010000100000104140110
1011100010010001101100050
0010100000A11001101000011
0110101020000071130101001
0601111111011A00001111011
1000000010011001000010111
0110100100110110004010111
1501001010110031000001011
0101110000501100000013010
01001010A0001101010100011
01100110011001A1001013000
0010110001100101011101132
0010101000111111110011001
1110110100011010100100111
0100011000011101001111000
0100101000001210110110011
1100100100000100101001110
0000101114010010100100111
1000003000000100000101000
1000010101101100101010100
1001002110101100000011110
0200100000100002100110010
030A000000011110111001000
0000001011010111011111111
