0020200020000000004000002
0000303000000200000000400
00000000000A0000310103000
0000030000200000430000002
0000000000333450004000000
0040000000002000030000000
0000000000001000000002140
4000000000000060020300100
0000000000000070000020002
0000000000104000000030003
0000110000000000000000400
0200000000000010000000004
0000000000000000004300200
0000000003000A00000000200
0000000002000000000020000
0020000000300400000000000
000030A000000000000000024
002000A000000000000000100
0000000000400000000200000
0000000000030320040000000
0000000030000002A00000002
0000000000000020000000030
00100000A0000010000000000
0000003000000000020030000
0151254000000334000301130
