1111000102000001110010101
1010010000100000104140110
1011100010000001101100050
0010100000001001101000011
0110100020000071130101001
06011A1000001000003111011
1000000010000001000010111
0110100100000000004010113
1501001010000A31000001011
0101110000A01000000013010
0100101000000101010100011
0110011000000011001013000
0010110000100000011101132
0010101000000100A10011001
1110110100011010100100111
0100011000011101001111030
0100101000001210310110011
1100100100000100101001110
000010A114010010100100111
1000002000000100000101000
1000000101101100101010100
1000031110101100000011110
0200000000100002100110010
0300000000011110111001000
0000001011010111011111111
