0020000000000000000000000
0000000020000200000000000
000000A400000000310100000
0A00000000200000030000000
0000000000000430004000000
0040000000000000000000000
0001000000300000000000040
0000000000000000000300000
0000000000000040000000002
0A00000000000000000000003
0000000000000000000000000
0000000000000A00000000001
0200000000003000000000000
0000000000004000000000000
0200000000030000000020000
000000000A000000000000000
0000000000000000002000000
0000000000000000000000000
0000000000000000000000000
0000000000030003000000000
00000000000000020000000A0
00000000A0020000000000A00
0000000000000000000000000
0000000000000000000000000
0111250000000334000301100
