4000003040005000000000130
0000600020000000000000000
0400200003000000000000000
0000400000200000020000010
0000000240001000000000100
0000000000240000000000100
00000000000020B0003401010
0000000000000030000000000
0A00200000030000000000000
0000A00000040000000000000
1400000000000000003000040
3300000001410000000041000
0000000000010100000000001
000A000001000000000000000
2000000200000000000430004
0010400000000000000000000
000A000000000000000030000
0000000000000000300401300
0000034000000100000002600
1000004000000200000000000
2703A000000A0000000000200
00000000000000032040C0000
0330000000000000000000343
0020000000020032000000420
8151274003404336600507130
