4000003040000000000000130
0000600020000000000000000
0400200003000000000000000
0000400000000000000000000
0000000040001000000000100
40A0000000240000000000100
0200000000000030003400010
00A0000000000040000000000
0000200000030000000000000
0000100000000000000000000
1006000000000000000000040
3000000000410000B00001000
0000000000000100000000000
0004000001000000000000000
0000A00000000000000430002
A00040010B000000000000000
0000030000000000000000000
0100000000000000300101300
0004030000000100000002600
10000A4000010200000000000
0700000000000000000000000
0000000A0000000020C000100
0000000000000000000000303
0020000000020002000000420
8151274003104336600507130
