0020200000000000000000000
0000003000000200000000000
0000000000030000310103000
0000000000201000430000002
0000000000000430004000000
0040A00000003000020000000
0000000000300000000000040
0000000000000040020300100
0000A00000000070000000002
0000000000000000000030003
0000100000000000000000400
0000000000000000000000001
0000000000000000000000000
0000000000000300000000000
0A00000000000000000020000
0000000030000000000000000
000000000000A000000000023
00000000000000000A0000000
0000000000000000000000000
0000000000030323040000000
0000000000000002000000000
0000000000000020000000010
0000000000A0001000D000000
0000000000000000000000000
0111254000000334000301130
