0000000000000000000000002
0000000000000000000010000
0000000000000000000000302
0000000000000000000000002
1A03000000000A00000400000
000004000000B400B00000000
0000034000330100000004404
0000200004000000000002000
0000020000000004000000003
0040000000000004000000000
0000020000000000004000101
00A0000000300040000000000
0000030000000000000000000
400000000000B000000000000
0000000000000000000000000
0000000000000000000000000
000000020000002000000A000
00000000000000404000000A0
0000000012000000000000000
1000000000020000000000000
0000001000000000200000403
0004000000000000000000000
0044000100000000000A000A0
0000000000000100000007020
0151254003100336000303130
