4000000000000000000000002
0000000000000000000010000
0000000000000000000000302
0000004000000000004000002
1000000000000000000400000
00000A0000004000000000000
0000034000330100010004404
0000200004000000A00002000
000002000000B0040B0000003
0040000000000004000000000
A000020100000000004000101
2000000000300140000300000
0000030000000000000000000
4000000000000000000020000
000000000000B0000000000AA
0000000000000000000000000
0000000200000120000000000
0000000000000040400000000
0001000012040000000000000
1000300000020000000000000
0000001000000000200000403
0004000000000000000000000
0044200100000000000000004
000000000000012000000A000
0151254003104336000503130
