2000100000001000000020040
0000010000000000000020000
0000000000000000000000000
8000000000000000000003044
0000000000000000000001000
000000000000B000000000000
0300000000000000000000004
00000040000A0000000010000
1100000300000030000000002
0000000000100000000000000
3000000000000000000000002
000E00000000000A000000000
0000000000000000000000000
0000000000002000000000000
0000000200A0B000000000400
0000020000000000000000100
0004040000000100002000000
00C0000000000030000000000
0000030000000000000031000
0000000000000040000000000
00000B0000000010002000200
0000000000000000030000000
0001000000000003000000000
0400000000000000000002000
8761274003404336640807430
