1111000102000001110010101
1010010000100000104140110
1011100010000001101100050
0010100000001001101000011
0110101020000071130101001
06011111A0001000003111011
1000000010000001000010111
0110100100000A10004010113
1501001010000031000001011
0101110000A01000000013010
0100101000000101010100011
0110011000000001001013000
0010110000100001011101132
00101010000001A1110011001
1110110100011010100100111
0100011000011101001111030
0100101000001210310110011
1100100100000100101001110
0000101114010010100100111
1000003000000100000101000
1000010101101100101010100
100000A110101100000011110
0200000000100002100110010
0300000000011110111001000
0000001011010111011111111
