4000000000000000000000002
0000000000000000000010000
0000000000000000000000302
00A0004000000000000000002
1003000000000000000400000
0000040000000A0B000000000
0000034000330100010004404
0000200004000000000002000
0000020000000004000000003
0040000000000004000000000
0000020000000000004000101
00A0000000300040000300000
000003000000B000000000000
4000000000000000000000000
0000000000000000000000000
0000000000000000000000000
000000020000002000000A00A
0000000000000040400000000
0000000012000000000000000
1000000000020000000000000
0000001000000000200000403
0004000000000000000000000
00442001000000000000A0000
00000000000001000000070A0
0151254003104336000503130
