1111000102000001110010101
1010012000100000104140110
1011000010000001101101050
0000000001001001101000011
0A10100020000071130501001
0601000000001000003111011
1000000000000001000010111
0110100000000A00044010113
1501000010000031000001011
010A100000000000000013010
0100001000000101010100011
0110011000000011001013000
0110150000500000001101132
0010101000000100000211001
1110113100011000000100511
0100011004011100001111030
0100101000000000310110011
1100100100000000101001210
0000340014010000100100111
1000000000000A00000101000
1100040001101100101010101
102003A010201100000011110
4200000000100002100110010
0300000000011110111001000
0000000011010111011111111
