0000100000001000000000000
0000010000000000000020000
0000000000000000000000000
8000000000000000000003044
0000000000000000000001000
0000000000000000000000000
0300000000B00000000000004
0000004000000000000000000
1100000300000000000000002
0000000000000000000000000
00000000000000000A0000002
000000000A000003000000000
00000E0000000000000000000
00000000000000B00D0000000
0000000200000040000000000
0000020000000000000000100
0000000000000100002000000
00C0000000000030000000000
0000030000000000000030000
0000000000000040000000000
0000000000000010000000200
00000B0000000000030000000
0001000000000003000000000
0000000000000000000002000
8761274003404336640807430
