0020200020000000000000000
0000003000000200000000000
0000000000030000310103000
0000000000201000430000002
000000A000300430004000000
0040000000003000020000000
0000000000300000000000040
0000000000000040020300100
0000000000000070000000002
000000A000000000000030003
0000100000000000000000400
0200000000000000000000001
0000000000000000000300000
0000000003000300000000000
00A0000000000000000020000
0000000030000000000000000
000000000000A0000A0000023
0000000000000000000000100
0000000000000000000000000
0000000000030323040000000
0000000000000002000000000
0000000000000020000000010
00100000000A0010000000000
0000003000000000020000000
0111254000000334000301130
