0020200000000000000000000
0000003000000200000000000
0000000000030000310103000
00A0000000201000430000002
0000000000000430004000000
00400A0000003000020000000
0001000000300000000000040
0000000000000040020300000
0000000000000040000000002
0000000000000000000030003
0000000000000000000000400
0000000000000000000000001
0000000000000000000000000
000000000000000A000000000
0200000000000000000020000
00A000003000000A000000000
0000000000003000002000023
0000000000000000000000000
0000000000000000000000000
0000000000030023040000000
0000000000000002000000000
0000000000020020000000010
0000000000A00000000A00000
0000000000000000000000000
0111250000000334000301130
