0020200000000000000000000
0000000000000200000000000
00000000A0030000310100000
0000000000201000030000000
00A0000000000430004000000
0040010000003000020000000
0001000000300000000000040
0000000000000040020300000
0000000000000040000000002
0000000000000000000030003
0000000000000000000000400
0000000000000000000000001
0A00000000000000000000000
0000000000000003000000000
0200000000000A00000020000
0000000030000000000000000
0000000000003000002000023
0000000000000000000000000
0000000000000000000000000
0000000000030023040000000
0000000000000002000200000
0000000A000200200010D0010
0000000000000000000000000
0000000000000000000000000
0111250000000334000301130
