2000100000001000000020000
0000010000000000000020000
0000000000000000000000000
8000000000000000000003044
0000000000000000000001000
00000000000A0000000000000
0300000000000000000000004
000000400000B000000000000
1100000300000000000000002
0000000000000000000000000
3000000000000000A00000002
0000000000000003000000000
000E000000000000000000000
00000000000A0000000000000
00000002000000B0000000000
0000020000000000000000100
0004000000000100002000000
00C0000000000030000000000
0000030000000000000030000
0000000000000040000000000
000000B000000010002000200
0000000000000000030000000
0001000000000003000000000
0000000000000000000002000
8761274003404336640807430
