0000100000000000000000000
0000010000000000000000000
0000000000000000000000000
8000000D00000000000003044
0000000000000000000001000
0000000000000000000000000
0300000000000B00000000000
0000004000A00000000A00000
1100000300000000000000002
0000000000000000000000000
0000000000000000010000002
000000000A000003000000000
0000000000000000000000000
0000000E00000000B00000000
0000000000000040000000000
0000020000000000000000100
00000A0000000000A02000000
00000000000000000000000D0
0000000000000000000000000
C000000000000000000000000
0000000000000000000000000
000B000000000000000000000
0000000000000000000000000
0000000000000000000000000
8761274003404336640807430
