0003103532640000040000000
0400000000503400000000000
0000000010000805004000040
2003000024021003000000000
0400000060006470000000026
0000060000101000000050001
0000000040010001000040000
0000000010030000000003000
010000000060000000000000A
0000000000000000B00000010
00B0000000000000200000011
0002000000000001331000000
3400000001700000A00100B00
0000000020000010000000000
00010000000000000000000A0
0002100004550000000000000
0000000040200000010010000
0000010000A00000004000000
00000020000A0000000300000
0000500002000000000500000
0200000000000000041000012
0430024000000000320003100
4000000100000000000410030
0300000000010002000200000
0000283000005001004000000
