0020200000000000000000000
0000003000000200000000000
0000000000030000310103000
0000000000201000430000002
0000000000000430004000000
0040000000003000020000000
000A000000300000000000040
0000000000000040020300100
0000000000000070000000002
0000000000000000000030003
0000100000000000000000400
0000000000000000000000001
0000000000000000000000000
0000000000000300000000000
0A00000000000000000020000
00000000300000A0000000000
000000000000600000A000023
0000000000000000010000000
0000000000000000000000000
0000000000030323040000000
0000000000000002000000000
0000000000000020000000010
0000000000A0001000A000000
0000000000000000000000000
0111254000000334000301130
