0020200020000000000000000
0000003000000200000000400
0000000000030000310103000
0000030000201000430000002
0000000000340450004000000
0040000000003000030000000
00000000000A1000000002040
4000000000000040020300100
0000000000000070000000002
0000000000104000000030003
0000100000000000000000400
0200000000000010000000004
0000000000000000004300200
000000000300030A000000200
0000000002000000000020000
00200000A0300400000000000
0000300000000000000000024
0000000A00000000000000100
0000000000400000000200000
000000000003032A040000000
0000000030000002300000002
0000000000000020000000010
0010000000000010000000000
000000300000A000020000000
0151254000000334000301130
