4000000000000000000000002
0000000000000000000010000
0000000000000000000000302
0000004000000000004000002
1000000000000000000400000
0000000000004000000000000
000003A0003301000A0004404
0000200004000000000002000
0000020000000004000000003
00400000000B000400B000000
0000020100000000004000101
A000000000300140000300000
00000300000000000000000A0
4000000000000000000020000
00000000000B0000000000000
000000000000000000000000A
0000000200000120000000000
0000000000000040400000000
0001000012040000000000000
1000300000020000000000000
0000001000000000200000403
0004000000000000000000000
0044200100000000000000004
000000000000012000000A000
0151254003104336000503130
