0020000000000000000000000
00000000A0000200000000000
0000000300000000310100000
0A00000000200000030000000
0000000000000430004000000
0040000000000000000000000
0001000000300000000000040
0000000000000000000300000
0000000000000040000000002
0A00000000000000000000003
0000000000000000000000000
0000000000000000000000001
020000000000A000000000000
0000000000004000000000000
02000000000A0000000020000
0000000000000000000000000
0000000000000000002000000
0000000000000000000000000
0000000000000000000000000
0000000000030003000000000
0000000000000002000000D00
00000000A002000000000000A
0000000000000000000000000
0000000000000000000000000
0111250000000334000301100
