0003103532640000040000004
0400000000503400000000000
0000000010000805004000040
2003004024021003000000000
0500000064006674000000026
0000060000101000000050001
0000000040010001000040000
0000000010030000000003000
0100000000600000000003000
0000000000000000000000000
00B00000000000000000000A0
00000000000000010A1000000
3400003001700000B00100000
00000000200000100000000B0
0001000000000000000000000
0002100004550000020000000
000000000A200000010010000
000001000A000000004000000
0000002000000000000300000
0000500000000000000500000
0200000000000000041000012
0430024000000000320003100
4000000100000000000410030
0300000000010002000200000
0000283000005001004000000
