1111000102000001110010101
1010010000100000104140110
1011100010000001101100050
0010100001001001101000011
02101A0020000071130101001
0601000000001000003111011
1000000010000001000010111
011010010A000000004010113
150100101000A031000001011
0101110000000000000013010
0100101000000101010100011
0110011000000011001013000
0010150000100000001101132
0010101000000100000011001
1110113100011000000100111
01000110000111A0001111030
0100101000001210310110011
1100100100000100101001210
0000100014010010100100111
1000000000000100000101000
1100040001101100101010101
1020030A10101100000011110
0200000000100002100110010
0300000000011110111001000
0000001011010111011111111
