1111000102000001110010101
1010010000100000104140110
1011100010000001101100050
0010100001001001101000011
0210100020000071130101001
060100A000001000003111011
1000000010000001000010111
0110100100000000004010113
150100101000A031000001011
01011100000A0000000013010
0100101000000101010100011
0110011000000011001013000
0010150000100000001101132
0010101000000100000011001
1110113100011010000100111
010001100001110A001111030
0100101000001210310110011
1100100100000100101001210
0000100014010010100100111
1000000000000100000101000
1100000A01101100101010100
1020031110101100000011110
0200000000100002100110010
0300000000011110111001000
0000001011010111011111111
