4000000000000000000000002
0000000000000000000010000
0000000000000002000000302
0000004000000000004000002
100000000000000000A400000
0000000000004000000000002
00002A0000330100000004404
0000200004000000000002000
0000020000000004000000003
0040000000000004000000000
0000020100000000004000101
00000000003B01B0000300000
0000030000000000000000000
A0000000000000000000A0000
0000000000000000000000000
000000000000000000000A000
0000000200000020000000000
00000000000000B0400000000
0001000012040000000000000
1000300000020000000000000
0000001000000000200000403
000400000000000000000A000
0044200100000000000000004
0000000000000120000000000
0151254003104336000503130
