1111000102000001110010101
1010010000100000104140110
1011100010000001101100050
0010100000001001101000011
0110101020000071130101001
0601111A00001000003111011
1000000010000001000010111
01101001000000A0004010113
1501001010000031000001011
0101110000A01000000013010
0100101000000101010100011
0110011000000001001013000
001011000010000A011101132
0010101000000101110011001
1110110100011010100100111
0100011000011101001111030
0100101000001210310110011
1100100100000100101001110
0000101114010010100100111
1000003000000100000101000
10000A0101101100101010100
1000001110101100000011110
0200000000100002100110010
0300000000011110111001000
0000001011010111011111111
