4000003040005000000000130
0000600020000000000000000
0400200003000000000000000
0000400000000000000000010
0000000240001000000000100
A000000000240000000000100
0000000000002030003400010
00000000000000B0000000000
0000200000030000000000000
0000100000040000000000000
140A000000000000000000040
3300000001410000000001000
000A000000010100000000000
0000000001000000000000000
0000000000000000000430002
001040000D000000000000000
0001000000000000000030000
0000000000000000300401300
000A034000000100000002600
1000004000010200000000000
270300000D000000000000200
0000000000000003200000C00
0330000000000000000000303
0020000000020002000000420
8151274003404336600507130
