1111000101000001110000101
1010010000100000104110110
001110A010110001101100050
0010100111111000101000011
0110101020000A41130101001
0201111111011500001111011
1000000010011001000010111
0110100100110110004010111
1501001010110031000001011
0101110000501100000011010
0100101110001101110100011
01100110111001110A1013000
0010110011100102011101102
0010101001111111110011001
111011010A011010100100111
0100011000011101001111000
0100101000001210110110011
1100100100000100101001110
0000101114010010100100111
1000000000000100000101000
1000010101100100101010100
1001001110101100000011110
0000100000100002100110010
00A0000000011110111001000
0011001011010111011111111
