4000003040000000000000130
0000600000000000000000000
0400000003000000000000000
0000400000000000000000000
A000000040001000000000100
0000000000040000000000100
020A000000000030003400010
0000000000000040000000000
0000200000030000000000000
000010000000000B000000000
1002000000000000000000040
3000000000400000010001000
00A0000000000100000000000
0000000001000000000000000
A000000000B00000000030002
0000400100000000000000000
0000030000000000000000000
0000000000000000300101300
0004030000000100000000600
1000024000010200000000000
0700000000000000000000000
00000000000000000C0000100
00000AA000000000000000300
0020000000020002000000420
4151274003104336600507130
