0003103532640000040000024
0400000003503400000000000
0000000010000805024000040
0003004024021003000000300
0B0000006400667400400B026
0200060300101040200050005
0000040040030001000040000
000004001003000003000200A
0000000000600000000303000
0000030000000B00000000000
000000000000000000A000000
7100040000010000000000000
3400003000700000000400000
00000000000A0010000000000
0100000000000000000000000
003A100000550000020000000
0000000000100000010010000
0000010000000000004000000
0004002000000000000300000
0000500000000000400500000
0200000000020000041000032
0430024020000100320003100
8000000100200000000410030
0310100400010002000200000
0000283000005004404000000
