0003003132600000000000000
0400000000503000000000000
0000000010000805004000000
20030000240110000D00000A0
0400000060006470000B00006
0000040000101000000050001
0000000030000001003040000
0000000010030000000003013
0100000000600003000000032
0000000000000000000000010
0040000000000000200030011
000B000000000001331050000
0000000001700000000100300
000000000000000000000A000
000100000000A000000000010
0000000004555100000000000
0000000000200001010010000
000000000000A000004000B30
000000100000000000030001A
0000000000000000000500000
0200000000000000041000012
0400000000000000320003100
4000000100000000000110030
0300000000010002000000000
0000083000004001001000000
