0000100000001000000000000
0000010000000000000020000
0000000000000000000000000
8000000000000000000003044
0000000000000000000001000
0000000000000000000000000
03000000003A0000000000004
00000040000B0000000000000
1100000300000000000000002
000000000000000000A000000
0000000000000000010000002
0000000000000003000000000
00000200A0000000000000000
000000D00000000B0A0000000
0000D00200000040000000000
0000020000000000000000100
0000000000000100002000000
0020000000000030000000000
0000030000000000000030000
C000000000000040000000000
0000000000000010000000200
0000040000000000030000000
00010D0000000003000000000
0000000000000000000002000
8761274003404336640807430
