2000100000001000000020040
4000013000000000030020001
0000000000000000000000000
8000000000000000000003044
0000000000100000000001000
0000000000000000000003000
0300000000000020000000004
0000004000000000000010000
11000003000000AD000000002
0000000000100000000100000
3200000000000000000000002
4000000000100030040000000
0000000000000040000000000
0000000000000000000000000
0000000200000000000000400
0000020000000000000000100
00040400000B0000002000010
40000000001000A0000000000
0000030000000000300031000
0C00200000000040000000000
0030240000000010002000200
0000000000000400030000000
000100000B000003000000004
0400000000000000000002000
8961274003404336640907430
