4000003040005000000000130
0000600020000000000000000
0400200003000000000000000
0000400000000000000000010
0000000240001000000000100
0000000000240000000000100
00000000000020B0003400010
00A0000000000030000000000
0000200000030000000000000
0000100000040000000000000
140A000000000000000000040
3300000001410000000001000
0000000000010100000000000
000A000001000000000000000
0000000000000000000430002
0010400000000000000000000
000A000000000000000030000
0000000000000000300401300
0000034000000100000002600
1000A040000A0200000000000
27030000000000000000C0200
0000000000000003200000000
0330000000000000000000303
0020000000020002000000420
8151274003404336600507130
