0003003132600000000000000
0400000000500000000000A00
000000001000080500A0A0000
2003000024011000000000020
0400000020006470000400006
0000040000101000000050001
0000000030000001003040000
0000000010030000000003013
0100000000600003000000031
0000000000000000000000010
00400B0000000000200030011
0000000000000001331050000
00D0000001700000000100300
0000000000000200000001000
000000000000A0000A0000010
000000000455510000000000A
000000000020000001001AB00
000000000000A000004000000
0000001000000000000300010
0000000000000000000500000
0200000000000000041000012
0400000000000000320003100
4000000100000000000110030
0300000000010002000000000
0000083000004001001000000
