0020200000000000000000000
0000000000000200000000000
0000000A00000000310100000
A000000000201000030000000
0000000000000430004000000
0040010000000000000000000
0001000000300000000000040
0000000000000000000300000
0000000000000040000000002
0A00000000000000000030003
0000000000000000000000400
0000000000000000000000001
02000000000A0000000000000
0000000000003003000000000
0200000000020200000020000
0000000030002000000000000
0000000000003000002000023
0000000000000000000000000
0000000000000000000000000
0000000000030023040000000
0000000000000002000000000
00000000A0020020001000000
00000000000000000000000D0
00000000000000000000000A0
0111250000000334000301100
