0003103532640000040000004
0400000000503400000000000
0000000010000805004000040
2003000024021003000000000
0500000064006674000000026
0000060000101000000050001
0000000040010001000040000
0000000010030000000003000
01000000006000000000030A0
0000000000000000000000010
0000000000000000000000051
000B000000000001A3100B00A
3400003001700000200100000
0000000020000010000000000
00010000000000000000000D0
0002100004550000020000000
00000000A0200000010010000
0000010002000000004000000
0000002000000000000300000
0000500002A00000000500000
0200000000000000041000012
0430024000000000320003100
4000000100000000000410030
0300000000010002000200000
0000283000005001004000000
