0003103532640000040000024
0400000003503400000000000
0000000010000805024000040
00030040240210030000B0300
0B00000064006674004000026
020006030010104020005A005
00000400400300010000400A0
0000040010030000030002000
0000000000600000000303000
0000030000000000000000000
0000000000000B00000A00000
7100040000010000000000000
3400003000700000000400000
00000000000A0010000000000
0100000000000000000000000
003A100000550000020000000
0000000000100000010010000
0000010000000000004000000
0004002000000000000300000
0000500000000000400500000
0200000000020000041000032
0430024020000100320003100
8000000100200000000410030
0310100400010002000200000
0000283000005004404000000
