0003003132600000000000000
0400000000503000000000000
000000001000080500400000A
2003000024011000000000000
0400000060006470000B00006
0000040000101000000050001
0000000030000001003040000
0000000010030000000003013
0100000000600003000000032
0000000000000000000000010
0040000000000000200030011
000000000000000133105A000
000B000001700000000100300
00000000000A00000000A0000
0001000000000000000000010
00000000045551A0000000000
0000000000200001010010000
00000000000000000040000B0
0000001000000000000300010
0000000000000000000500000
0200000000000000041000012
0400000000000000320003100
4000000100000000000110030
0300000000010002000000000
0000083000004001001000000
