11110001A1000001110000101
1010011000100A00104110110
0011100010110101101100050
0010100111111100101000011
0110101020001141100101001
0201111111011500001111011
1000000010010001000010111
0110100100110110000010111
1501001010110001000001011
010111000050110000A011010
0100101110001101111100011
0110011011100111001010000
0010110011100101011101102
0010101001111111110011001
1110110101011010100100111
0100011001011101001111000
0100101A10001210110110010
1100100100000100101001110
0000101114010010100100111
1000000000000100000101000
1001010101100100101010100
10A1001110101100000011110
0010100000100001100110010
0010000000011110111001000
0011001011010111011111111
