0000100000000000000000000
0000010000000000000000000
00000000D0000000000000000
8000000000000000000003044
0000000000000000000001000
0000000000000000000000000
0300000000000000000000000
000000400000A000000000000
110000030000B00000A000002
0000000000000000000000000
0000000000000000010000002
00000000A0000003000000000
0000000E00000000B00000000
0000000000000000000000000
000D000000000040A00000000
0000020000000000000000100
0000000000000000002000000
0000000000000000000000000
0000000000000000000000000
C000000000000000000000000
0000000000000000000000000
0000B00000000000000000000
0000000000000000000000000
0000000000000000000000000
8761274003404336640807430
