0000000002000000000100006
0000000000100000040000000
0000100000000000000000200
0000040000000000000000000
02000A000040A00000040000C
00000000G0000200000000000
0000204000000000000260000
0040000000000000010000201
0200000000000020003400000
0000000000000000001300020
0000000000030000000000030
0000000000B00000000000000
0000000003000020003010004
0000000000000000000300001
A000000000000000300002000
00000C0000000000C00700B00
1000000004001000002000000
0004000100200000000000000
000000000000000100000C000
0000000000040000000000000
0000200000000000400001000
0000000303000000400000000
0000000000000000000000000
0000300000400A00000000000
8961579033707696880907863
