0020000000000000000000000
0000000000000000000000000
000000A000000000300000000
0000000000000000030000000
0A00000000000000004000000
0040000000000000000000000
0001000000300000000000040
0A00000000000000000000000
0000000000000000000000000
0000000000000000000000003
0000000000000000000000000
000000000000A000000000001
0000000000003000000000000
0000000000004000000000000
0200000000000000000020000
0000000000000000000000000
0000000000D00000000000000
0000000000000000000000000
000000A000000000000000000
0000000000030003000000A00
000000000000000000000A000
0000000030020000000000000
0000000000000000000000000
0000000000000000000000000
0111250000000334000301100
