0003103532640000040000024
0400000003503400000000000
0000000010000805004000040
2003004024021003000000300
0B00000064006674004002026
0200060000101000200050001
0000040040030001000040B00
000004001003000003000200A
0000000000600000000303000
00000300000003B0000000000
00000000000000000A0000000
7100040000000000001000000
3400003000700000000400000
0000000000040010000000000
000100A000A00000000000000
0032100000550000020000000
0000000000100000010010000
0000010000000000004000000
0004002000000000000300000
0000500000000000000500000
0200000000000000041000032
0430024020000100320003100
8000000100000000000410030
0310100400010002000200000
0000283000005004404000000
