4000000000000000000000002
0000000000000000000010000
0000000000000000000000302
0000004000000000000000002
100A000000000000000400000
00000400000000A0000000000
0000034000330100010004404
000020000400000000B002000
0000020000000004000000003
0040000000000004000000000
0000020000000000004000101
0000000000300040000300000
00A0030000000000000000000
40000000000B0000000000000
0000000000000000000000000
0000000000000000000000AA0
0000000200000020000000000
0000000000000040400000000
0000000012000000000000000
1000000000020000000000000
0000001000000000200000403
0004000000000000000000000
0044200100000000000000000
00000000000001000000A70A0
0151254003104336000503130
