0003103532640000040000024
0400000000503400000000000
0000000010000805004000040
2003004024021003000000300
0500000064006674000000026
0000060000101000200050001
0000040040030001000040000
0B00040010030000000003002
00000000006000000B00030A0
000000000000030000000B0A0
0000000000000000000000000
400004000000000A001000000
3400003000700000000400000
00000000A0000010000000000
0001000000000000000000000
00321000A0550000020000000
0000000000100000010010000
0000010000000000004000000
0000002000000000000300000
0000500000000000000500000
0200000000000000041000012
0430024020000000320003100
8000000100000000000410030
0300000400010002000200000
0000283000005001404000000
