0020200000000000000000000
0000000000000200000000000
0A00000000030000310100000
00000000A0201000030000000
0000000000000430004000000
0040010000000000000000000
0001000000300000000000040
0000000000000040000300000
0000000000000040000000002
0000000000000000000030003
00A0000000000000000000400
0000000000000000000000001
0200000000000000000000000
0000000000000003000000000
0200000000000200000020000
000000003000A000000000000
0000000000003000002000023
0000000000000000000000000
0000000000000000000000000
0000000000030023040000000
0000000000000002000000000
00000000A0020020001000000
000000000000000000000A000
0000000000000000000000000
0111250000000334000301130
