0020000000000000000000000
0000000000000000000000000
0000000000000000300000000
0A000AD000000000030000000
00000000000000000000D0000
0000000000000000000000000
0000000000000000000000040
0A00000000000000000000000
0000000000000000000000000
0000000000000000000000003
0000000000000000000000000
000000000000A000000000001
0000000000003000000000000
0000000000000000000000000
0200000000000000000020000
000000000A000000000000000
000000D000000000000000000
00000A0000000000000000000
0000000000000000000A00000
0000000000000003000000000
000000000000000000000A000
0000000000020000000000000
0000000000000000000000000
0000000000000000000000000
0111250000000334000301100
