0003003532600000000000000
0400000000503000000000000
0000000010000805004000000
2003000024011000000000000
0400000060006470000000006
0000040000101000000050001
000000003000000100B040000
00000000100300000000030A3
0100000000600003000000032
000B000000000000000000010
0040000000000000200000011
00000000000000013310AA000
300000000170A000300100300
0000000000000000000000000
0001000000000000000000010
0000100004555100000000000
0000000040200000010010000
00000100000000A0004000000
00000010000000000003000B0
0000000000000000000500000
0200000000000000041000012
0400001000000000320003100
4000000100000000000110030
0300000000010002000000000
0000083000004001001000000
