0000100000000000000000000
0000010000000000000000000
0000000000000000000000000
80000000D0000000000003044
0000000000000000000001000
0000000000000000000000000
0300000000000000000000000
000000400000B000000A00000
11000003000A0000000000002
0000000000000000000000000
00000000A0000000010000002
0000000000000003000000000
000000E00000000B000000000
0000000000000000000000000
0000000000000040000000000
0000A200000000000A0000100
0000000000000000002000000
0000000000000000000000000
0000000000000000000000000
C000000000000000000000000
0000000000000000000000000
0000B00000000000000000000
0000000000000000000000000
0000000000000000000000000
8761274003404336640807430
