0003103532640000040000004
0400000000503400000000000
0000000010000805004000040
2003000024021003000000000
0500000064006674000000026
0000060000101000000050001
0000000040010001000040000
0000000010030000000003000
0100000000600000000003000
000000000000000000000001A
00B0000000000000A00000051
0002000000000001231000000
340000300170000020010B0A0
000000002000001000000000D
0001000000000000000000000
0002100004550000020000000
00000000A0200000010010000
0000010002000000004000000
0000002000000000000300000
00005000020A0000000500000
0200000000000000041000012
0430024000000000320003100
4000000100000000000410030
0300000000010002000200000
0000283000005001004000000
