0003003532600000000000000
0400000000503000000000000
0000000010000805004000000
2003000024011000000000000
0400000060006470000000006
0000040000101000000050001
000000003000000100B040000
0000000010030000000003003
01000000006000030000000A2
0000000000000000000000010
004B000000000000200000011
00000000000000013310A0000
30000000017A0000300100300
0000000000000000000000000
0001000000000000000000010
0002100004555100000000000
00000000402000A0010010000
0000010000000000004000B00
0000001000000000000300000
0000000002000000000500000
0200000000000000041000012
0400001000000000320003100
4000000100000000000110030
0300000000010002000000000
0000083000004001001000000
