0020200000000000000000000
0000003000000200000000000
0000000000030000310103000
0000000000201000430000002
0000000000000430004000000
004AA00000003000020000000
0001000000300000000000040
0000000000000040020300100
0000000000000070000000002
0000000000000000000030003
0000100000000000000000400
0000000000000000000000001
0000000000000000000000000
0000000000000300000000000
020000000000000A000020000
0A00000030000000000000000
00000000000060000A2000023
0000000000000000010000000
0000000000000000000000000
0000000000030323040000000
0000000000000002000000000
00000000000A0020000000010
00000000003000100A0000000
0000000000000000000000000
0111254000000334000301130
