0000000002010000000100006
0000000000100040040000000
000A00000020000000000020D
0000040000000000000000000
0200000040400000000400200
000000000000000A000000000
0000204000000G00000260000
0040000000000000010000201
0200000000040020003400000
0000000300000000001300020
000400000B030000000000030
0000000000000000000000000
0000000000000020003010004
0000000000000000000300001
0000000300000000000002000
000A00000000000000070B000
1000000004001000002000000
00040D0100200000C00000000
0000000000000031000000000
0000000000040000040000000
0000200000400000400000000
000000030300000A400000C00
0000000000003000000000000
0000300004400000000000000
8961579033707696880907863
