1111000101000001110010101
1010010000100000104140110
1011100010A10001101100050
0010100000111001101000011
0110101020000071130101001
0601111111011A00001111011
1000000010011001000010111
0110100100110110004010111
1501001010110031000001011
0101110000501100000013010
0100101A10001101010100011
0110011001100111001013000
001011000110010A011101132
0010101000111111110011001
1110110100011010100100111
0100011000011101001111000
0100101000001210110110011
1100100100000100101001110
0000101114010010100100111
1000003000000100000101000
1000010101101100101010100
1001002110101100000011110
0200100000100002100110010
0300000000011110111001000
00A0001011010111011111111
