2000100000001000000020040
4000010000000000000020000
0000000000000000000000000
8000000000000000000003044
0000000000000000000001000
0000000000000000000000000
0300000000000000000000004
0000004000000000000010000
11000003000A00A0000000002
0000000000100000000000000
3000000000000000000000002
0000000000000000000000000
0000000000000000000000000
00E0000000000B00000000000
0000000200000A00000000400
0000020000000000000000100
0004040000000100002000000
00C0000000000030000000000
0000030000000000000031000
00000B0000000040000000000
0000200000000010002000200
0000000000000400030000000
0001000000000003000000000
0400000000000000000002000
8961274003404336640807430
