0020200000000000000000000
0000000000000200000000000
0000000000030000310100000
00A0000000201000030000000
000000A000000430004000000
0040010000003000020000000
0001000000300000000000040
0000000000000040020300000
0000000000000040000000002
0000000000000000000030003
0000000000000000000000400
0000000000000000000000001
0000000000000000000000000
00A000000000000A000000000
0200000000000000000020000
0000000030000000000000000
0000000000003000A02000023
0000000000000000000000000
0000000000000000000000000
0000000000030023040000000
0000000000000002000000000
000000000002002000A000010
00000000A0000000000000000
0000000000000000000000000
0111250000000334000301130
