2000100000001000000020040
4000010000000000000020000
0000000000000000000000000
8000000000000000000003044
0000000000000000000001000
0000000000000000000000000
030000000000A000000000004
0000004000000A00000010000
1100000300000000000000002
0000000000100000000000000
3000000000000000000000002
0000000000000030040000000
0000000000000000000000000
0000000000000000000000000
000000020000A000000000400
0000020000000000000000100
0004040000000100002000000
0000000000100030000000000
0C00030000000000000031000
0000000000000040000000000
00302000B0000010002000200
0000000000000400030000000
0001000000000003000000000
0400000000000000000002000
8961274003404336640807430
