4000003010000000000000100
0000600000000000000000000
0000000003000000000000000
00004000000000000D0000000
A000000040001000000000100
0000000000040000000000100
00000A0000000030000000000
0000000000000040000000000
0000200000030000000000000
0000100000000000000000000
00000000000000B0000000040
3A00000000000000010001000
0000000000000100000000000
0000000000000000000000000
0A000000000B0000000030002
0000400000000000000000000
0000000000000000000000000
0000000000000000000001000
0004030000000100000000600
1000004000010200000000000
0700000000000000100000000
00000A00000000C0000000000
0000000000000000000000300
000000A000020002000000400
4151274003104336600507130
