0003103532640000000000000
0400000000503000000000000
0000000010000805004000040
2003000024011000000000000
0400000060006470000000006
0000040000101000000050001
0000000040010001000040000
0000000010030000B0000300A
0100000000600003000000002
000B000000000000000000010
0040000000000000200000011
00020000000000013310A0000
340000000170000030010A300
00000000000000000000B0000
0001000000000000000000010
000210000455A000000000000
000000004020000001001000A
0000010000000000004000000
0000002000000000000300000
0000500002000000000500000
0200000000000000041000012
0400001000000000320003100
4000000100000000000110030
0300000000010002000000000
0000083000004001004000000
