1111000102000001110010101
1010010000100000104140110
1011100010000001101100050
0010A00001001001101000011
0210100020000071130101001
0601000000001000003111011
10000000A0000001000010111
011010010000A000004010113
1501001010000031000001011
0101110000000000000013010
0100101000000101010100011
0110011000000011001013000
0010150000100000001101132
0010101000000100000011001
1110113100011000000100111
0100011000011100001111030
0100101000001A10310110011
1100100100000100101001210
0000100014010010100100111
1000000000000100000101000
1100040001101100101010101
1020030010101100000011110
020000A000100002100110010
0300000000011110111001000
0000001011010111011111111
