4000003040005000000000130
0000600020000000000000000
0400200003000000000000000
0000400000000000000000010
0000000240001000000000100
A000000000240000000000100
0200000000000030003400010
0000000000000040000000000
0000200000030000000000000
0A00100000000000000000000
14260000000000B0000000040
3000000001410000000001000
00A0000000000100000000000
0000000001000000000000000
0000000000000000000430002
00104001D0000000000000000
0000030000000000000030000
0D00300000000000300101300
000A034000000100000002600
1000004000010200000000000
0700000000000000000000000
0000000000000003200000100
0000000A0000000000C000303
0020000000020002000000420
8151274003404336600507130
