4000000000000000000000002
0000000000000000000010000
0000000000002002000000302
000001400000000000A000002
1020000000000000000400000
000000A000004000000000002
0000210000330100000304404
0000200004000000004002000
0000020000000004000000003
0040000000000004000000000
0000020100000000004000101
00000000003000D0000300000
0A00030000000000000000A00
0000000000000000000000000
0000000000000030000000000
000000000000000000000A000
0000000200000020000000000
00000000000000B0400000000
0001000012040000200000000
1000300000020000000000000
0000001000100000200000A03
0004000000000000000000000
0044200100000000000000004
0000000000400120000000000
0151254003104336000503130
